time,.endpoint_state.pose.position.x,.endpoint_state.pose.position.y,.endpoint_state.pose.position.z,.endpoint_state.pose.orientation.x,.endpoint_state.pose.orientation.y,.endpoint_state.pose.orientation.z,.endpoint_state.pose.orientation.w,.wrench_stamped.wrench.force.x,.wrench_stamped.wrench.force.y,.wrench_stamped.wrench.force.z,.wrench_stamped.wrench.torque.x,.wrench_stamped.wrench.torque.y,.wrench_stamped.wrench.torque.z
79.63189,0.761302045178,-0.289504241634,0.064843132034,-0.0279348815784,0.999442275881,0.00619186145534,0.017217445348,-2.17299997807,1.89599993229,-0.630000114441,-0.0689999982715,-0.0390000008047,0.0
79.63193,0.76118670502,-0.288739882862,0.0640131234849,-0.0282415554683,0.999431929293,0.00640128158855,0.017241138251,-2.13300001621,1.85599997044,-0.840000152588,-0.0590000003576,-0.0390000008047,0.00999999977648
79.631947,0.761357925849,-0.289727523763,0.0638615778861,-0.027179639959,0.999455723052,0.0063240590239,0.0175934961572,-1.99300003052,1.84600021839,-1.10000038147,-0.0610000006855,-0.0359999984503,0.0270000007004
79.671873,0.761738220348,-0.28944191126,0.0636526437221,-0.0270715859489,0.999456117606,0.00611019691781,0.0178118979004,-2.02300000191,1.19600012302,-0.840000152588,-0.0659999996424,-0.0370000004768,0.0359999984503
79.671912,0.762018489235,-0.288655131962,0.0633507071527,-0.0277376131285,0.999427739964,0.0065201521745,0.0182292354289,-2.53299999237,0.745999836922,-0.460000038147,-0.0759999975562,-0.0460000000894,0.0309999994934
79.671932,0.762252922251,-0.289066733311,0.0630092310346,-0.0271976640904,0.999434526645,0.00663604682135,0.0186246315732,-2.42300000787,0.946000123024,-0.699999809265,-0.0630000010133,-0.0430000014603,0.0189999993891
79.672053,0.761971822077,-0.288907785548,0.0621867124508,-0.0270388065386,0.999444049742,0.00683991848814,0.0182677281207,-2.24300003052,1.4260001421,-1.13000011444,-0.0439999997616,-0.0299999993294,0.0120000001043
79.711879,0.762896858259,-0.289124627907,0.0623054184751,-0.026850271787,0.999428680435,0.00678082141656,0.0193751410503,-2.6630000025,1.52600004673,-1.15999984741,-0.0469999983907,-0.0359999984503,0.0170000009239
79.711911,0.762433498467,-0.287730707814,0.0613546851038,-0.0277957617123,0.99941084115,0.0071675424151,0.0188146899886,-2.54300001264,0.975999855995,-1.01000022888,-0.0509999990463,-0.0289999991655,0.0260000005364
79.711927,0.76263755173,-0.288558889055,0.0614417600549,-0.027786438649,0.999410996817,0.00668860621079,0.0189956788559,-2.11299997568,0.785999798775,-0.729999542236,-0.0649999976158,-0.0390000008047,0.0280000008643
79.711942,0.762054578662,-0.289165572097,0.0604544455505,-0.0265874227472,0.9994519957,0.00710899150199,0.0183923756649,-1.42300003767,0.83599998951,-0.859999656677,-0.0740000009537,-0.054999999702,0.0130000002682
79.751893,0.762231925526,-0.288794806108,0.0598472686999,-0.0271448935513,0.999438791917,0.00684000706035,0.0183975615172,-1.03300005198,0.756000065804,-1.47000026703,-0.0630000010133,-0.0670000016689,0.00899999961257
79.751939,0.76276173467,-0.288729172856,0.0600784506336,-0.0270215648644,0.999430797227,0.00728533059173,0.018837211689,-0.972999989986,1.10599997044,-1.67000007629,-0.054999999702,-0.0649999976158,0.0140000004321
79.751961,0.762787727306,-0.288082588259,0.0597985894267,-0.027343219491,0.999419459794,0.00723002307744,0.0189952230606,-1.28300005198,1.37599995136,-1.72999954224,-0.0529999993742,-0.0630000010133,0.019999999553
79.75221,0.762014746355,-0.289388812568,0.0592336192231,-0.0266772312854,0.999457477896,0.00703375854802,0.0179889257587,-1.37299996614,1.28599979877,-1.68999958038,-0.0500000007451,-0.0619999989867,0.0289999991655
79.752477,0.762300810721,-0.288659164213,0.0589439145202,-0.026874272235,0.999445041083,0.00746383320818,0.0182119340318,-1.42300003767,1.08599998951,-1.64000034332,-0.0450000017881,-0.0659999996424,0.0280000008643
79.76187,0.761955807406,-0.288743349163,0.0587606164994,-0.0273089640463,0.999439829126,0.00721339589378,0.0179503582021,-1.62299996614,1.15600016117,-1.46000003815,-0.0540000014007,-0.0680000036955,0.0280000008643
79.772492,0.761659233864,-0.287457955863,0.0581778701907,-0.0275784036163,0.999439751704,0.00748027186679,0.017425840015,-1.66300004721,0.866000199318,-1.64999961853,-0.0430000014603,-0.0540000014007,0.0289999991655
79.782745,0.762115008191,-0.288357981559,0.057974104325,-0.0270009432371,0.999448744338,0.0074261758576,0.0178327905196,-1.93300002813,1.04600002766,-2.11000013351,-0.0450000017881,-0.0469999983907,0.0329999998212
79.792117,0.762315023646,-0.288433624905,0.0577877831637,-0.027224229668,0.99943794699,0.00745831130629,0.01808328034,-1.8030000329,0.52600004673,-2.15999984741,-0.0309999994934,-0.0410000011325,0.0270000007004
79.831905,0.761747213447,-0.288147490282,0.056989990732,-0.0273160118237,0.999446309512,0.00752126821011,0.0174453554059,-2.0530000329,0.636000180244,-1.86999988556,-0.0439999997616,-0.0529999993742,0.0230000000447
79.831934,0.761902821806,-0.288368935005,0.0566897674381,-0.0273930033789,0.999443647425,0.00742091463562,0.0175199604491,-1.90299999714,0.656000161171,-1.63000011444,-0.0299999993294,-0.0599999986589,0.0260000005364
79.831961,0.762179572761,-0.288146868104,0.0563940534921,-0.0270183947827,0.999448331175,0.00745063965505,0.0178193047895,-1.3030000329,1.7560000658,-1.26000022888,-0.0599999986589,-0.0689999982715,0.0340000018477
79.871896,0.762306938265,-0.289068068115,0.0563981325333,-0.0267217220079,0.999453774642,0.00728236488567,0.0180296724438,-1.77300006151,1.89599993229,-0.689999580383,-0.0719999969006,-0.0509999990463,0.0340000018477
79.871941,0.762115197372,-0.288562113396,0.0555352325088,-0.0267104778824,0.999451593199,0.00770112596368,0.0179932176616,-2.13300001621,1.82600023746,-0.640000343323,-0.0659999996424,-0.0370000004768,0.0260000005364
79.872025,0.762688560861,-0.289261064708,0.0555741623362,-0.025882331626,0.999466418577,0.00754525689121,0.0184405028422,-2.52300000191,1.85599997044,-0.670000076294,-0.0579999983311,-0.0340000018477,0.0189999993891
79.872044,0.762226807936,-0.289181867856,0.0546561866864,-0.0261894144696,0.999467813043,0.00730281150192,0.0180242670996,-2.99300000072,1.225999856,-0.569999694824,-0.0630000010133,-0.0329999998212,0.0320000015199
79.911959,0.762680358837,-0.289467314515,0.0547219536044,-0.0260516481362,0.999462458604,0.00747369926113,0.0184458475269,-2.80300000496,1.16599991322,-0.35000038147,-0.0719999969006,-0.0390000008047,0.0299999993294
79.911983,0.762702061295,-0.289109516706,0.0544057347262,-0.0264052846302,0.999452735091,0.00735747129182,0.0185164488627,-2.38300001621,2.06600000858,-0.300000190735,-0.0850000008941,-0.0529999993742,0.0179999992251
79.911994,0.763432711176,-0.289903322608,0.0542414734721,-0.0254946355353,0.999455861494,0.00737862238948,0.0195846984986,-2.89300000295,2.62599995136,-0.409999847412,-0.0769999995828,-0.0540000014007,0.00999999977648
79.912003,0.76359140334,-0.28878062041,0.0539043786935,-0.0262139888203,0.999436194081,0.00750851194651,0.0195893593312,-3.00300000608,2.11600019932,-0.729999542236,-0.0640000030398,-0.0370000004768,0.00200000009499
79.912087,0.762911343031,-0.28939693699,0.0528659336451,-0.0256124320789,0.999469679919,0.00711981256592,0.0188061297078,-2.3030000329,0.866000199318,-0.89999961853,-0.0729999989271,-0.0240000002086,0.0149999996647
79.922881,0.762702753122,-0.288941502177,0.0525147358539,-0.0257458843356,0.999466470444,0.00776705884731,0.0185363614081,-2.68299999833,0.115999960899,-0.85000038147,-0.0799999982119,-0.0260000005364,0.0329999998212
79.932689,0.763026733094,-0.289377869434,0.0523311330775,-0.0251197230985,0.999474330312,0.00758604917131,0.0190398113674,-2.53299999237,0.395999932289,-0.670000076294,-0.082999996841,-0.0299999993294,0.035000000149
79.942207,0.762476587853,-0.288628746548,0.051764533235,-0.0263448923967,0.99945538026,0.00764068786973,0.0183441926169,-1.74299997091,1.66599991322,-0.60000038147,-0.0909999981523,-0.0419999994338,0.0230000000447
79.979871,0.762516519674,-0.289514629078,0.0515302696462,-0.0258430724892,0.999470856853,0.00720306268741,0.018391786039,-2.34299999475,1.83599998951,-0.699999809265,-0.0780000016093,-0.0500000007451,0.0140000004321
79.979899,0.763385137299,-0.289259875013,0.0517637813419,-0.0261920187823,0.999445284676,0.00710848013326,0.0193020880067,-3.29300001264,0.926000142097,-0.670000076294,-0.0810000002384,-0.0540000014007,0.0289999991655
79.979908,0.7625566287,-0.289832059698,0.0506104640051,-0.0252743953193,0.999482391853,0.00740388344931,0.0184752760856,-2.88300000504,0.375999951363,-1.05000019073,-0.0599999986589,-0.0590000003576,0.0340000018477
80.019853,0.763012999522,-0.289920476328,0.0506260475076,-0.0251688855692,0.999474958832,0.00728184981939,0.0190606539715,-2.63300000131,0.605999970436,-1.19999980927,-0.0500000007451,-0.0500000007451,0.0309999994934
80.019924,0.763622121673,-0.289780522163,0.0506170954738,-0.0256070584754,0.999454822362,0.00705775512985,0.019609301528,-2.4130000174,1.06600000858,-1.43999958038,-0.0489999987185,-0.0599999986589,0.0170000009239
80.019944,0.762671582092,-0.288250899754,0.0495664254297,-0.0266303480382,0.999446393932,0.00738261396974,0.0185263927977,-1.04300004244,2.13600018024,-1.55000019073,-0.0710000023246,-0.0759999975562,0.0
80.020195,0.762338485404,-0.289458918606,0.0490486567711,-0.0254196405941,0.999482013839,0.00734784414183,0.0183181622988,-0.862999975681,1.45599987507,-1.5,-0.0780000016093,-0.0750000029802,0.00600000005215
80.059884,0.762635700482,-0.288942584251,0.0492893946295,-0.0261872613107,0.999455551404,0.00730744916733,0.0186930281215,-2.18300002813,-0.00399992465973,-1.43999958038,-0.0710000023246,-0.0729999989271,0.0189999993891
80.05993,0.763095124118,-0.290630472907,0.0491584853229,-0.0251330275179,0.999473555911,0.00708558417059,0.0192545178985,-2.75300000608,0.406000161171,-1.43000030518,-0.0790000036359,-0.0729999989271,0.0260000005364
80.059957,0.761947647507,-0.289187459067,0.048058016843,-0.026010692716,0.999469762723,0.00742777259177,0.0181236161233,-2.83300000429,0.155999922752,-1.82000017166,-0.0540000014007,-0.0489999987185,0.0250000003725
80.060006,0.762540753581,-0.289401094642,0.0478196562229,-0.0259723178585,0.999460671211,0.0074342543431,0.0186691529165,-2.89300000295,-0.00399992465973,-1.48999977112,-0.0570000000298,-0.0379999987781,0.0179999992251
80.099901,0.762465951778,-0.289536333681,0.0479260860061,-0.0257234292438,0.99946849688,0.00722620730236,0.0186764787844,-1.72299998999,1.18599989414,-1.14000034332,-0.0799999982119,-0.0570000000298,0.00899999961257
80.099943,0.761837366709,-0.290248686497,0.0472809448637,-0.0256126889989,0.999487715894,0.00686062640036,0.0179228274508,-1.77300006151,1.41599991322,-0.770000457764,-0.0909999981523,-0.054999999702,0.00800000037998
80.099959,0.762159765515,-0.288533823097,0.0467611301252,-0.0264762750653,0.999456522219,0.00753261426144,0.0181363384962,-1.36299997568,1.93599989414,-0.840000152588,-0.0900000035763,-0.0529999993742,0.0179999992251
80.099972,0.761608015895,-0.289549787158,0.0463547165753,-0.0256114835206,0.999490317364,0.00744653806512,0.0175415643214,-2.10299998522,2.57600023746,-0.949999809265,-0.0909999981523,-0.0579999983311,0.0
80.13986,0.761934436795,-0.288674077417,0.0461786833678,-0.0257535249641,0.999475253141,0.00801134490731,0.01793858028,-2.14300000668,2.58599998951,-1.34000015259,-0.0759999975562,-0.0460000000894,-0.0260000005364
80.139899,0.760915391843,-0.287845823479,0.0447401250702,-0.0266648288492,0.999470554438,0.00796002550384,0.0168592914369,-1.53300005198,1.98600008488,-1.31999969482,-0.0890000015497,-0.0480000004172,-0.0170000009239
80.139915,0.761935919514,-0.288457854949,0.0450451582775,-0.025739082417,0.999470626508,0.00795499830653,0.0182396377555,-0.543000042439,2.5559997797,-1.23999977112,-0.0740000009537,-0.0359999984503,-0.0280000008643
80.139929,0.761675606504,-0.288288604753,0.0448410868443,-0.0256038032013,0.99947967128,0.00788474703334,0.0179628150342,-0.372999966145,2.85599997044,-1.18999958038,-0.082999996841,-0.0309999994934,-0.0370000004768
80.142208,0.761256738724,-0.288092719615,0.0438257913898,-0.0259631723448,0.999476262996,0.00825608963617,0.0174628283016,-0.833000004292,1.59600021839,-0.960000038147,-0.082999996841,-0.0329999998212,-0.0340000018477
80.152093,0.76129128166,-0.288618845235,0.0436382818579,-0.0250678003352,0.999502018574,0.00805706451793,0.0173897660956,-1.52300006151,2.28599979877,-0.859999656677,-0.0909999981523,-0.0489999987185,-0.0179999992251
80.162033,0.761936806749,-0.288832160259,0.0434340030461,-0.0251598470383,0.999490540888,0.0078589436,0.0179966046315,-1.9129999876,1.79600002766,-0.64999961853,-0.0860000029206,-0.0540000014007,-0.0120000001043
80.172733,0.761431441941,-0.289347758143,0.0433319205949,-0.0249701642484,0.999505734958,0.00754935103141,0.0175437733023,-1.96299999952,1.58599998951,-0.239999771118,-0.101000003517,-0.0579999983311,-0.01600000076
80.182833,0.760948342648,-0.287965565095,0.0423488025958,-0.0255612997486,0.999499419148,0.00789136490222,0.0168895659487,-1.72299998999,1.86600019932,-0.5,-0.0780000016093,-0.0410000011325,-0.0149999996647
80.192453,0.761990237621,-0.289500451056,0.0424252386457,-0.0250371012132,0.999493936921,0.00736960810087,0.0181852274394,-1.62299996614,1.95599987507,-0.640000343323,-0.0689999982715,-0.0359999984503,-0.0179999992251
80.231889,0.761848526285,-0.289136961379,0.042144095495,-0.0249799010425,0.99949648728,0.00729981311484,0.0181518370426,-1.28300005198,2.19600012302,-0.279999732971,-0.0719999969006,-0.0320000015199,-0.0140000004321
80.23192,0.761810387785,-0.289001912435,0.0414861966706,-0.0254852493751,0.999485764831,0.00728154892414,0.0180468005559,-1.41300004721,2.60599997044,-0.369999885559,-0.0670000016689,-0.0340000018477,-0.00499999988824
80.23195,0.761275228291,-0.28886772227,0.0407311754766,-0.0255976797356,0.999493556069,0.00737366581988,0.0174074472863,-2.37299999595,1.57600023746,-0.340000152588,-0.082999996841,-0.0439999997616,0.0179999992251
80.271894,0.761481651966,-0.289772628193,0.0405048658349,-0.0256093988761,0.999496786941,0.00655083664567,0.0175333431877,-2.89300000295,1.95599987507,-0.439999580383,-0.082000002265,-0.0520000010729,0.0170000009239
80.271926,0.761717451336,-0.290007937692,0.0406220859429,-0.0260283163004,0.999480983801,0.0061969957876,0.0179412099474,-3.65299999714,1.32600023746,-0.25,-0.0740000009537,-0.0540000014007,0.0120000001043
80.271953,0.761954886381,-0.290165588956,0.0399419337548,-0.0263118359213,0.999473340295,0.00608974664123,0.0179901171469,-2.54300001264,-0.154000020027,-0.279999732971,-0.0810000002384,-0.0619999989867,0.0170000009239
80.272017,0.761764999109,-0.289499621885,0.0395023697403,-0.0269068064406,0.999460148045,0.00599425372737,0.0178747072394,-2.17299997807,-0.183999991417,-0.60000038147,-0.0630000010133,-0.0599999986589,0.0189999993891
80.27204,0.761618655848,-0.2904651196,0.0390346985469,-0.0263414521535,0.999478662257,0.005697480922,0.0177783661128,-2.33300000429,0.375999951363,-0.640000343323,-0.0790000036359,-0.0450000017881,0.0109999999404
80.31187,0.761416570258,-0.290066064472,0.0385955911371,-0.027128822553,0.999460175405,0.0055926860048,0.0176665398147,-1.61299997568,0.875999951363,-0.5,-0.0799999982119,-0.0370000004768,0.0109999999404
80.311912,0.76111139093,-0.289959243915,0.0377811893195,-0.0268875634373,0.999475057467,0.00580426489982,0.0171166276772,-0.803000032902,0.165999913216,-0.460000038147,-0.0680000036955,-0.0410000011325,0.0329999998212
80.311944,0.761042992095,-0.290890553388,0.0378875153605,-0.026828497206,0.999479005295,0.0052517806662,0.0171571708785,-1.4430000186,-0.384000039101,-0.390000343323,-0.0879999995232,-0.0509999990463,0.0309999994934
80.312023,0.760996106451,-0.290450857436,0.0373192797816,-0.0264306078127,0.999493802443,0.00552340397515,0.0168242045151,-2.07300001383,0.0460000276566,-0.569999694824,-0.0740000009537,-0.0480000004172,0.00800000037998
80.323373,0.760986800064,-0.291145533705,0.0369651479196,-0.0270350516003,0.999479523869,0.00493954053294,0.0168934392587,-2.61300000548,0.386000180244,-0.590000152588,-0.0949999988079,-0.0640000030398,0.0120000001043
80.332267,0.760723584205,-0.29053219084,0.0367195329108,-0.027118557918,0.999480179161,0.0049836135722,0.0167068512,-2.29299998283,-0.41400001049,-0.479999542236,-0.0810000002384,-0.0579999983311,0.0189999993891
80.342208,0.761095910468,-0.291191147337,0.0362665907838,-0.027295747299,0.999470055757,0.00448376144687,0.0171594203561,-1.9430000186,0.486000084877,-0.449999809265,-0.0790000036359,-0.0489999987185,0.0179999992251
80.379875,0.761004661664,-0.290285140291,0.0354182071407,-0.0271708028307,0.999467329446,0.00549500054376,0.017222363727,-2.27300000191,0.906000161171,-0.630000114441,-0.0670000016689,-0.0250000003725,0.0320000015199
80.379914,0.761061176574,-0.290661643589,0.0354129169203,-0.0278532102486,0.999451109981,0.00458313863386,0.0173399041947,-3.13300001621,0.366000199318,-1.30000019073,-0.0560000017285,-0.00200000009499,0.0299999993294
80.379992,0.760917186299,-0.290841838901,0.0349091458259,-0.0277125375871,0.999458727951,0.00457728909987,0.0171264359378,-2.8730000034,-0.0439998865128,-1.28999996185,-0.0379999987781,-0.0149999996647,0.0170000009239
80.419858,0.760323868813,-0.289298214604,0.0343901898213,-0.0279338639009,0.999460250638,0.00544483985814,0.0164091548038,-2.39300000668,0.196000123024,-0.60000038147,-0.0579999983311,-0.0390000008047,0.0140000004321
80.419895,0.760522233651,-0.290555383747,0.0339754213651,-0.0276106323198,0.999469061796,0.00497502818227,0.0165679386384,-2.31300002337,0.375999951363,-1.14000034332,-0.0520000010729,-0.0619999989867,0.0140000004321
80.41991,0.76090159816,-0.29065041059,0.0338355249716,-0.0273316548981,0.999471732381,0.00476490684952,0.0169272701479,-1.70300000906,0.975999855995,-0.829999923706,-0.0500000007451,-0.070000000298,0.0189999993891
80.419922,0.761467380267,-0.29112061394,0.0338566238165,-0.0267537478544,0.999473827536,0.00482425547965,0.0176926992079,-1.9430000186,1.29600002766,-0.869999885559,-0.0640000030398,-0.0689999982715,0.0230000000447
80.45989,0.76136716012,-0.290309499493,0.0334272991186,-0.0274504368718,0.999452177899,0.00523378564248,0.017732035871,-1.28300005198,1.86600019932,-1.15999984741,-0.0480000004172,-0.0500000007451,0.0230000000447
80.459932,0.761515909548,-0.290639465997,0.033162821842,-0.0274057660726,0.999451359787,0.00502282564756,0.0179073903515,-0.253000080585,1.09600021839,-1.21000003815,-0.0460000000894,-0.0480000004172,0.019999999553
80.460099,0.761174372381,-0.289897599886,0.0322238122747,-0.0280375328175,0.999439343839,0.00533636891701,0.0175047966808,-0.392999947071,0.346000218391,-1.02999973297,-0.0500000007451,-0.0560000017285,0.0109999999404
80.460122,0.761387319455,-0.290984881521,0.0321991459044,-0.0268768651155,0.999468597677,0.00515529819596,0.0177081698537,-0.892999947071,0.935999894142,-1.19999980927,-0.0439999997616,-0.0670000016689,0.00999999977648
80.499899,0.76164131918,-0.289765130918,0.0322817384045,-0.0282013701397,0.999426569617,0.00526742685718,0.0179852406336,-1.67300003767,0.415999913216,-1.57999992371,-0.0340000018477,-0.0590000003576,0.00600000005215
80.499936,0.761244796583,-0.290057782794,0.0315753470527,-0.0279078738838,0.999444362968,0.00526382572806,0.0174472933289,-1.92299997807,0.515999817848,-1.32999992371,-0.0329999998212,-0.0540000014007,-0.0010000000475
80.499948,0.76106920191,-0.290158516797,0.0313020523507,-0.0274832701446,0.999459720631,0.00535671904063,0.0172116895999,-1.03300005198,1.71600010395,-1.02000045776,-0.0480000004172,-0.0839999988675,-0.00300000002608
80.499972,0.761566819064,-0.289976259098,0.0311692550903,-0.0275887449033,0.999446939051,0.00548365675109,0.0177371554814,-0.803000032902,1.79600002766,-1.14999961853,-0.0640000030398,-0.0810000002384,0.00200000009499
80.504123,0.761278952813,-0.290111763396,0.0306954570774,-0.0270946220719,0.999462985845,0.00558961720732,0.0175606822203,0.107000052929,2.74599983692,-1.17000007629,-0.0560000017285,-0.0689999982715,0.0
80.512793,0.7611106507,-0.289173516823,0.0302982675801,-0.0282130965933,0.999433167128,0.00562423835622,0.0174852385645,0.666999995708,2.58599998951,-1.02000045776,-0.0659999996424,-0.0489999987185,-0.00899999961257
80.522103,0.761179013391,-0.288988359232,0.0299196930413,-0.0277431097799,0.999446185551,0.00578376330488,0.0174410472474,-0.463000118732,1.11600019932,-1.13000011444,-0.0689999982715,-0.0469999983907,0.0010000000475
80.532574,0.761423238693,-0.288701938271,0.0298144001674,-0.0282729067399,0.999427586077,0.00584092649924,0.0176359436901,-1.08300000429,1.33599998951,-1.31999969482,-0.0649999976158,-0.0540000014007,0.00499999988824
80.542212,0.761240300373,-0.289683505535,0.0293103283737,-0.0279410507233,0.999440699115,0.00581780843294,0.0174281307457,-0.763000071049,1.82600023746,-1.55000019073,-0.0630000010133,-0.0579999983311,-0.01600000076
80.579876,0.761763260848,-0.289364695896,0.0291762043433,-0.0277587517657,0.999436463226,0.00579167112677,0.0179628566886,-0.723000109196,1.86600019932,-1.48999977112,-0.0680000036955,-0.0659999996424,-0.0140000004321
80.579918,0.762054826367,-0.289009755534,0.0291053126396,-0.0283173756949,0.999413412058,0.00565066374209,0.0184127138512,-1.28300005198,0.986000084877,-1.43999958038,-0.0489999987185,-0.0560000017285,-0.0010000000475
80.579954,0.762390612959,-0.288639087807,0.0290516727541,-0.0278621268193,0.999418128597,0.00626686874021,0.0186502674571,-1.81300002337,1.46600010395,-1.18999958038,-0.0619999989867,-0.0439999997616,0.0010000000475
80.619867,0.762723922897,-0.290347952832,0.0285974196593,-0.0273027097976,0.999428838797,0.0053502147311,0.0191815906777,-1.03300005198,1.99599983692,-1.06000041962,-0.0640000030398,-0.0410000011325,-0.01600000076
80.619903,0.762158687118,-0.288345510362,0.0278071220799,-0.0284309301018,0.999407562131,0.00599390223372,0.0184466827589,-1.00299996138,2.26599981785,-0.85000038147,-0.0719999969006,-0.0430000014603,-0.019999999553
80.619936,0.762496512829,-0.289431800553,0.027977264118,-0.0271812504858,0.999433740425,0.00612273598015,0.0188650530423,-0.962999999523,2.38600018024,-1.06000041962,-0.0799999982119,-0.0430000014603,-0.0130000002682
80.620088,0.76226367444,-0.289029884249,0.02742213328,-0.0285062820672,0.999404272259,0.00572489860035,0.0185934937192,-0.152999937534,1.44600012302,-1.06999969482,-0.0759999975562,-0.0430000014603,-0.00999999977648
80.659892,0.762349251736,-0.289515216392,0.0268935306693,-0.0275687877241,0.999430896402,0.00595138202148,0.0185047645641,-1.28300005198,0.0660000085831,-0.970000267029,-0.0860000029206,-0.0509999990463,0.0179999992251
80.659961,0.762080535049,-0.288899260792,0.0266501714807,-0.0276523137377,0.999431758125,0.00599836598732,0.0183174780401,-2.01300001144,0.27600004673,-0.770000457764,-0.0810000002384,-0.0579999983311,0.0309999994934
80.659985,0.763047845979,-0.288366454237,0.0270330910286,-0.0277999402912,0.999406216487,0.00600938102771,0.0194490387021,-2.12300002575,0.846000218391,-0.859999656677,-0.0780000016093,-0.0599999986589,0.0299999993294
80.660042,0.76251436549,-0.289277688347,0.0262476757534,-0.0272234555008,0.999429576978,0.00621473893756,0.0189942399744,-1.32300001383,0.00600006580353,-0.859999656677,-0.0810000002384,-0.0430000014603,0.0299999993294
80.699857,0.762995550907,-0.289256222262,0.0258044185028,-0.0273115285516,0.999415443905,0.00623492184143,0.019595321935,-0.543000042439,0.395999932289,-0.739999771118,-0.0839999988675,-0.035000000149,0.0209999997169
80.699899,0.763887109929,-0.288808777859,0.0261157750961,-0.0268880739191,0.999408470217,0.00673264559461,0.020357127084,-0.662999927998,0.745999836922,-0.5,-0.0769999995828,-0.035000000149,0.0170000009239
80.699915,0.764172002604,-0.288182202639,0.0260067977145,-0.0275048892815,0.999384976889,0.00647413140379,0.0207661902219,-0.553000032902,0.995999836922,-0.390000343323,-0.0890000015497,-0.0410000011325,0.0260000005364
80.69995,0.763428859882,-0.288774260719,0.0252057550989,-0.0269462218745,0.999422245471,0.00618173976273,0.0197702422188,-0.523000061512,1.06600000858,-0.640000343323,-0.0780000016093,-0.0520000010729,0.0209999997169
80.702178,0.764288515278,-0.288224901419,0.0250824521528,-0.027498933252,0.999385793818,0.00610838210793,0.0208454180236,-0.602999985218,1.21600010395,-0.689999580383,-0.0689999982715,-0.0469999983907,0.01600000076
80.71218,0.764382355061,-0.288305918312,0.0248626825358,-0.0266269645971,0.999402444855,0.00668340475626,0.0210021445333,-0.432999908924,1.01599981785,-0.939999580383,-0.0769999995828,-0.0359999984503,0.0309999994934
80.722274,0.764194782532,-0.288347226977,0.0245871070265,-0.0262858755745,0.999411809733,0.00676921876149,0.0209586495198,-0.323000013828,0.745999836922,-1.0,-0.0740000009537,-0.0370000004768,0.0329999998212
80.733069,0.764689427791,-0.288438720391,0.0244159508339,-0.0264265383524,0.999398212218,0.00684968765562,0.0213993753369,-1.02300006151,1.52600004673,-0.800000190735,-0.0769999995828,-0.0390000008047,0.0179999992251
80.742167,0.764132373469,-0.2876204463,0.0237015406815,-0.0262156288624,0.999413579415,0.00717364646611,0.0208273109335,-1.53300005198,1.4260001421,-0.590000152588,-0.0890000015497,-0.0450000017881,0.0120000001043
80.779866,0.763962057523,-0.287585526557,0.0233853408032,-0.0267124374708,0.999407251761,0.00696121495854,0.0205701798282,-1.40300005674,1.07600023746,-0.520000457764,-0.0869999974966,-0.0460000000894,0.0120000001043
80.779897,0.764100307992,-0.287337332922,0.022893368888,-0.0260894339395,0.999419221534,0.00716230801324,0.0207186487989,-1.18300002813,1.32600023746,-0.619999885559,-0.0839999988675,-0.0399999991059,0.01600000076
80.779924,0.764231678076,-0.287887051048,0.0232779161145,-0.0263953126297,0.999416880426,0.00670410858596,0.0205971240205,-0.422999918461,0.596000218391,-0.590000152588,-0.0759999975562,-0.0439999997616,0.0209999997169
80.819879,0.763416990557,-0.288400329942,0.0229796491783,-0.0257688667903,0.999448564018,0.00687869937908,0.0197792032575,0.176999986172,0.875999951363,-0.550000190735,-0.0750000029802,-0.0489999987185,0.019999999553
80.819932,0.763667412633,-0.288407699641,0.0223729658342,-0.0262562322828,0.999432878915,0.00677575058672,0.0199654705599,-0.463000118732,1.51599981785,-0.590000152588,-0.082999996841,-0.0619999989867,0.0179999992251
80.819944,0.763695830779,-0.288665747077,0.0223704065357,-0.026069279404,0.9994393773,0.00645522776705,0.0199913433324,-1.09299999475,1.12599995136,-0.909999847412,-0.0579999983311,-0.0390000008047,0.0309999994934
80.819967,0.763694641283,-0.288734254383,0.0215341895261,-0.0251893637325,0.999454202957,0.00721918541722,0.0201165481124,-0.882999956608,0.616000199318,-0.869999885559,-0.0560000017285,-0.0299999993294,0.0260000005364
80.859916,0.763902765825,-0.288834284016,0.0216169930066,-0.0257714882399,0.999434295454,0.0069060841137,0.0204749961377,-0.473000109196,0.58599998951,-0.529999732971,-0.0729999989271,-0.0370000004768,0.0149999996647
80.859964,0.763697075684,-0.287984320598,0.020683453817,-0.0260505438117,0.999433439197,0.00700424331476,0.0201273534509,-0.543000042439,0.83599998951,-0.560000419617,-0.0719999969006,-0.0430000014603,0.0130000002682
80.859996,0.764483339745,-0.287349324785,0.021107012725,-0.0262275744679,0.999405020088,0.00760649308583,0.0210680189586,-0.783000051975,0.625999951363,-0.720000267029,-0.082999996841,-0.0509999990463,0.0209999997169
80.860025,0.763079462027,-0.289031922043,0.0199287046714,-0.0257115299962,0.999454674732,0.0068335259038,0.019559481191,-0.95300000906,0.446000123024,-0.800000190735,-0.0750000029802,-0.0610000006855,0.0299999993294
80.899858,0.763807492946,-0.287955717495,0.0198403115549,-0.0263450991332,0.999426034228,0.00695737933607,0.0201279092539,-1.42300003767,0.27600004673,-0.670000076294,-0.0729999989271,-0.0619999989867,0.0439999997616
80.899904,0.763677892178,-0.287667014614,0.0193333191334,-0.0267731803667,0.99941602797,0.00678691516154,0.0201180921701,-1.65300005674,0.236000084877,-0.289999961853,-0.082000002265,-0.0399999991059,0.0419999994338
80.899931,0.764142298899,-0.288626532085,0.0191596250909,-0.026139659258,0.999420109994,0.00669981153978,0.0207671490301,-1.8030000329,0.0660000085831,-0.14999961853,-0.0810000002384,-0.0340000018477,0.0439999997616
80.89995,0.764061954083,-0.289064078743,0.018459115394,-0.0260820457264,0.999430527375,0.00614931619593,0.0205069196308,-1.85299998522,0.236000084877,-0.369999885559,-0.0769999995828,-0.035000000149,0.054999999702
80.902218,0.764181443583,-0.289403839527,0.018236624641,-0.0257869293431,0.999432836534,0.00638636043585,0.0206942971222,-1.62299996614,0.415999913216,-0.520000457764,-0.0780000016093,-0.035000000149,0.0439999997616
80.91207,0.763474532268,-0.28858019427,0.0177062953612,-0.0263048877028,0.999432688467,0.00616548592868,0.0201082294276,-1.79300004244,0.966000103951,-0.630000114441,-0.0790000036359,-0.0450000017881,0.0410000011325
80.922037,0.763798908098,-0.289531553161,0.017714519689,-0.0267087317329,0.99941998068,0.0056909284228,0.0203459873336,-2.49300000072,0.226000094414,-0.640000343323,-0.0729999989271,-0.0439999997616,0.0610000006855
80.932267,0.764154134816,-0.289317104914,0.0173457345671,-0.0262360400809,0.999424510849,0.00587635881771,0.0206829814476,-2.89300000295,0.0160000562668,-0.619999885559,-0.0780000016093,-0.0570000000298,0.0590000003576
80.942136,0.763780126465,-0.28896976928,0.0171356344579,-0.0268440625837,0.999415708234,0.00570633964641,0.0203734171882,-2.45300000906,0.785999798775,-0.840000152588,-0.0630000010133,-0.0450000017881,0.0359999984503
80.979868,0.76460005154,-0.288781433354,0.0165547592935,-0.0270404896658,0.999390192807,0.0058344659922,0.0213075912736,-1.6930000186,0.386000180244,-0.939999580383,-0.0610000006855,-0.0329999998212,0.0270000007004
80.979898,0.764006363927,-0.288421924122,0.016112858155,-0.0264800226911,0.999413518716,0.0063704404198,0.0207567939396,-1.25299996138,0.366000199318,-0.89999961853,-0.0689999982715,-0.0329999998212,0.0189999993891
80.979942,0.764138967129,-0.289328581828,0.0160364589144,-0.0267068231459,0.99940858237,0.00562621152503,0.0209183370652,-1.32300001383,0.52600004673,-0.939999580383,-0.0599999986589,-0.0309999994934,0.0280000008643
81.019889,0.764796231774,-0.289831691706,0.0155305937581,-0.0259180767121,0.999409012966,0.00615351537091,0.021725845231,-1.1930000186,0.596000218391,-0.829999923706,-0.0680000036955,-0.0430000014603,0.035000000149
81.019924,0.763889116579,-0.289249948419,0.0146854848788,-0.0263328119308,0.999417809859,0.00613752345672,0.0208075745574,-1.58300000429,1.16599991322,-0.689999580383,-0.0810000002384,-0.0430000014603,0.0370000004768
81.019946,0.76424769344,-0.289022824536,0.0145857044196,-0.0265754367276,0.999405429815,0.00652708727,0.0209745119091,-2.23299998045,0.716000103951,-0.569999694824,-0.082999996841,-0.0430000014603,0.0390000008047
81.020018,0.763893555528,-0.290400128238,0.0142224333223,-0.0261821279967,0.999426256694,0.0056727824266,0.0207237338189,-3.12299999595,1.51599981785,-0.680000305176,-0.0799999982119,-0.0529999993742,0.0209999997169
81.059865,0.764190514869,-0.290048714748,0.0139652362686,-0.0262374419248,0.999417643505,0.00565090518198,0.0210722035657,-3.07299999893,2.14599993229,-0.939999580383,-0.0680000036955,-0.0619999989867,0.00200000009499
81.059906,0.763260153912,-0.29011957898,0.0133497607034,-0.0265706484842,0.99943224852,0.00555164427512,0.0199589704881,-1.9430000186,1.38600018024,-0.869999885559,-0.0780000016093,-0.0610000006855,0.00899999961257
81.059922,0.763160810399,-0.289658663083,0.0125050741672,-0.0260783170945,0.999443590141,0.00598597879506,0.0199148075784,-1.66300004721,0.696000123024,-0.670000076294,-0.070000000298,-0.054999999702,0.01600000076
81.059998,0.76368757725,-0.290235362895,0.0128684051623,-0.0256642555273,0.999444519457,0.00561907475335,0.020504255998,-1.79300004244,0.935999894142,-0.640000343323,-0.082999996841,-0.0529999993742,0.0179999992251
81.099926,0.763090733149,-0.290327475458,0.0123037233964,-0.0260747980864,0.999452146762,0.00526373507549,0.019692748195,-2.00300002098,0.576000237465,-0.949999809265,-0.0670000016689,-0.0359999984503,0.0149999996647
81.099971,0.762998663513,-0.290248635694,0.0117262624691,-0.0252488774204,0.999474649104,0.00575637917982,0.0194880498068,-2.43299999833,0.796000027657,-1.02999973297,-0.0649999976158,-0.0359999984503,0.01600000076
81.099998,0.763199771457,-0.290114600921,0.0112697790296,-0.0256363058088,0.99946119431,0.00558902551794,0.0197196269159,-1.9430000186,1.44600012302,-0.930000305176,-0.0710000023246,-0.0520000010729,0.0140000004321
81.100022,0.762922129112,-0.290684582102,0.0110697680005,-0.0257937891144,0.999460461851,0.00516382230323,0.0196672463407,-1.57300001383,1.13600018024,-0.760000228882,-0.0810000002384,-0.0599999986589,0.00700000021607
81.102353,0.763279060302,-0.290737166917,0.0107392325702,-0.026027176696,0.999445294191,0.0054544997038,0.0200484020882,-1.14299994707,1.39599993229,-0.939999580383,-0.082000002265,-0.0460000000894,0.00899999961257
81.112035,0.762969262455,-0.289705643703,0.00968991739411,-0.0262506562685,0.999444934341,0.00574143013268,0.0196916796134,-0.733000099659,1.19600012302,-1.06000041962,-0.0769999995828,-0.0289999991655,0.0140000004321
81.122132,0.763267223736,-0.290740846107,0.00947235406021,-0.0256783352096,0.999449428783,0.00535489169947,0.0203171735722,-0.813000023365,0.915999913216,-0.89999961853,-0.0869999974966,-0.0140000004321,0.0209999997169
81.132352,0.763457290039,-0.291105794539,0.00947594971008,-0.0261751030376,0.999434169361,0.00488200265104,0.0205516701282,-0.733000099659,0.685999894142,-1.64999961853,-0.0430000014603,-0.0399999991059,0.0280000008643
81.142206,0.76303420285,-0.291073054597,0.00849682088526,-0.0267131696609,0.999431820265,0.0048079888474,0.0199831541766,-0.293000042439,1.08599998951,-1.88000011444,-0.0520000010729,-0.0710000023246,0.0329999998212
81.179873,0.763630139168,-0.290211777923,0.00848045603015,-0.0267363636377,0.999416193402,0.00518106337883,0.0206299735419,-0.533000051975,1.56600000858,-1.72999954224,-0.0560000017285,-0.082999996841,0.0280000008643
81.179906,0.763130004789,-0.291173744488,0.00765027777054,-0.0266998006193,0.999432340712,0.00502353304977,0.0199218749522,-1.53300005198,0.826000237465,-1.53999996185,-0.0450000017881,-0.0729999989271,0.0379999987781
81.179931,0.762585148093,-0.290415502914,0.00701991418002,-0.0267197565344,0.999442624592,0.0050775499772,0.0193575113626,-1.76299995184,0.185999894142,-1.53999996185,-0.0419999994338,-0.0689999982715,0.0439999997616
81.219876,0.763210506863,-0.290125704887,0.00727090668677,-0.0268887163177,0.999423570128,0.00518362050502,0.020066252402,-1.93300002813,-0.104000067711,-1.78000020981,-0.0390000008047,-0.0719999969006,0.0379999987781
81.219917,0.763073601171,-0.290253464771,0.0066568492689,-0.0262062429227,0.999440771345,0.00553607230751,0.0200182244254,-2.1930000186,-0.0740000963211,-1.90000009537,-0.0430000014603,-0.0649999976158,0.0359999984503
81.219941,0.76226318077,-0.289914892173,0.00601129344892,-0.0266910614487,0.999447284721,0.00548621522601,0.019042419602,-1.57300001383,0.685999894142,-1.76999998093,-0.0599999986589,-0.0659999996424,0.0219999998808
81.219955,0.762603561469,-0.290758618158,0.0056383648509,-0.0260398825575,0.999458205892,0.00532995788899,0.0194116135228,-1.31300002337,1.03599979877,-1.56000041962,-0.054999999702,-0.0729999989271,0.00499999988824
81.259901,0.762217620699,-0.289631907574,0.00516044684152,-0.026611865328,0.999453391549,0.0054353075857,0.0188463305816,-1.14299994707,1.18599989414,-1.48999977112,-0.0579999983311,-0.0750000029802,-0.00400000018999
81.259935,0.762801352959,-0.291010545876,0.00549054827065,-0.0260562742523,0.999455144868,0.00524872925293,0.0195687201942,-1.99300003052,2.13600018024,-1.10000038147,-0.0680000036955,-0.0670000016689,-0.0209999997169
81.259964,0.762273220164,-0.290719262298,0.00458526021439,-0.0258983408131,0.999471460098,0.00544066372015,0.0188805606567,-2.80300000496,2.21600010395,-0.810000419617,-0.0710000023246,-0.0599999986589,-0.0130000002682
81.260178,0.762644381987,-0.291031779567,0.0042942311112,-0.0249553260737,0.999486016069,0.00545900705139,0.0193683924201,-3.32300001383,2.09600021839,-0.640000343323,-0.0640000030398,-0.0599999986589,-0.00200000009499
81.299853,0.76226348764,-0.290275870352,0.00316572424895,-0.0254569550425,0.999480545875,0.00588922950803,0.0188652811726,-3.65299999714,2.475999856,-0.789999961853,-0.0710000023246,-0.0590000003576,0.00800000037998
81.299908,0.762366472435,-0.290595730337,0.00309564806658,-0.025576794986,0.999473679022,0.00547773609999,0.0191881970874,-3.10300001502,1.76599981785,-0.939999580383,-0.0619999989867,-0.0460000000894,0.0209999997169
81.29993,0.761671182618,-0.290488390106,0.00176820059819,-0.0255663366462,0.999486728054,0.00580357710219,0.0184109034913,-2.86300000362,1.33599998951,-1.03999996185,-0.0659999996424,-0.0390000008047,0.0179999992251
81.299942,0.762351159179,-0.291047126962,0.00213463936423,-0.0255398346408,0.99947467757,0.00544874918306,0.0191936675856,-2.52300000191,0.966000103951,-1.23999977112,-0.0489999987185,-0.0299999993294,0.00999999977648
81.30223,0.761965210133,-0.290267070603,0.00150759598529,-0.0254974800654,0.999481711658,0.00604280233794,0.0186994949331,-3.24300000072,0.616000199318,-2.36000013351,-0.00300000002608,-0.00600000005215,0.0170000009239
81.312033,0.761522791755,-0.29031657817,0.00149079295516,-0.0255002941691,0.999492493795,0.00599334514371,0.018126490503,-3.18299999833,-0.013999915123,-3.69000005722,0.0390000008047,-0.0120000001043,0.0209999997169
81.322086,0.762183575263,-0.290546310718,0.00173030942005,-0.0258315792281,0.999479207424,0.0055072961836,0.0185395019119,-3.14300000668,-0.114000058174,-5.01999998093,0.0989999994636,0.00800000037998,0.019999999553
81.332385,0.761783614879,-0.290301729039,0.000795654699963,-0.0261160120718,0.99947829988,0.00542094711443,0.0182125043658,-3.01300001144,-0.0339998960495,-6.07999992371,0.112999998033,0.0299999993294,0.0149999996647
81.342115,0.762336216554,-0.290425106222,0.000966740517583,-0.026304648965,0.999461859754,0.00541272340624,0.0188350408794,-2.38300001621,0.346000218391,-6.8900001049,0.128999993205,0.054999999702,0.00999999977648
81.379901,0.76259601394,-0.290793266857,0.000897821169075,-0.0265320137922,0.999451832735,0.00501177809024,0.0191564184299,-1.99300003052,0.696000123024,-7.56999993324,0.097000002861,0.097000002861,0.0209999997169
81.379944,0.762614735255,-0.290365623483,0.00135822176721,-0.0265370937503,0.999452638254,0.00488781651224,0.0191393780348,-2.22299998999,0.206000113487,-7.94000005722,0.127000004053,0.162000000477,0.0410000011325
81.379969,0.764018129256,-0.290568019934,0.00194275824791,-0.0263829100806,0.999428667318,0.00458049413495,0.0206228046853,-2.86300000362,0.316000008583,-7.87999999523,0.119000002742,0.216999992728,0.0500000007451
81.41994,0.762417799087,-0.290939672226,0.000729407577366,-0.0264797426865,0.999463204208,0.0044189726621,0.0187776287658,-2.8730000034,1.03599979877,-7.75999999046,0.123999997973,0.245000004768,0.0610000006855
81.419983,0.762929664418,-0.29048589851,0.000858152403479,-0.0259506453832,0.999468950179,0.00477053457878,0.0191212874069,-1.95300000906,0.58599998951,-7.80999994278,0.141000002623,0.252999991179,0.0799999982119
81.419999,0.763622393509,-0.290943674788,0.00169197238642,-0.0263102923662,0.999443254959,0.00412491743105,0.0200981016357,-2.3030000329,-0.783999896049,-7.67000007629,0.146999999881,0.259999990463,0.0879999995232
81.420014,0.762980520555,-0.289621026798,0.00182870965551,-0.0269397268908,0.999436173638,0.00448696135181,0.0195308247774,-2.7330000028,-1.46399996281,-7.46000003815,0.16099999845,0.252999991179,0.0900000035763
81.459835,0.762832455519,-0.290138346531,0.00113131775543,-0.0266537330292,0.999446757679,0.00450986906113,0.0193757105981,-1.90299999714,-0.683999991417,-7.05999994278,0.159999996424,0.244000002742,0.0850000008941
81.459862,0.762650382249,-0.290012715871,0.00127919715368,-0.0267401445882,0.999447543704,0.00443118541485,0.0192337372137,-1.18300002813,-0.513999915123,-6.36999988556,0.158000007272,0.238999992609,0.0860000029206
81.459892,0.762813901515,-0.290589963886,0.00132154124133,-0.026630741242,0.999449522674,0.0041435318367,0.0193464826795,-0.933000028133,-0.44399998188,-5.86999988556,0.135000005364,0.217999994755,0.0729999989271
81.459941,0.762783363859,-0.29059675631,0.00127993535861,-0.026270138896,0.999459984048,0.00443832033652,0.0192333408904,-1.03300005198,-0.513999915123,-5.38000011444,0.123000003397,0.209999993443,0.0599999986589
81.499884,0.763005132957,-0.291231387794,0.00109005827154,-0.0264699352278,0.999454438717,0.00374499954815,0.0193943918904,-1.14299994707,-0.354000067711,-5.17999982834,0.101999998093,0.20000000298,0.0560000017285
81.499933,0.762499914557,-0.290018449458,0.0011107987795,-0.0275576347463,0.999435306,0.00366943891403,0.018872760935,-0.773000061512,-0.584000086784,-5.19999980927,0.115000002086,0.184000000358,0.0509999990463
81.499958,0.762773301127,-0.29046490742,0.000892010678124,-0.0271713237562,0.999438083355,0.00376652761947,0.0192626574949,-1.06300002337,-0.894000029564,-5.28999996185,0.125,0.172999992967,0.0529999993742
81.499975,0.763404987364,-0.290750866712,0.00172295334047,-0.0268378163679,0.999432872297,0.00375651487858,0.019988846423,-1.32300001383,-1.40400002003,-5.65999984741,0.138999998569,0.178000003099,0.0599999986589
81.502637,0.76327673914,-0.290317660589,0.00121853212716,-0.027342162414,0.999420200154,0.00385830467627,0.0199194167702,-1.63299995661,-1.26399991512,-5.97000002861,0.156000003219,0.192000001669,0.0710000023246
81.512854,0.762813905216,-0.290689839712,0.000242387157158,-0.0274385870111,0.99942883484,0.00351581616328,0.019410488672,-1.46299999952,-1.70399997234,-6.29999995232,0.172000005841,0.229000002146,0.082000002265
81.55187,0.763980994616,-0.289965335524,0.00108735595412,-0.0279496160075,0.999389298372,0.00352178397136,0.0206747745334,-0.882999956608,-1.1340000391,-6.90000009537,0.194000005722,0.284000009298,0.0890000015497
81.551912,0.763624423077,-0.289124417205,0.000268762387425,-0.0282659542294,0.999386709877,0.00389097999697,0.0203002518941,-0.0730000138283,-1.12400004864,-7.74000000954,0.21099999547,0.351999998093,0.0869999974966
81.551931,0.764176924761,-0.290641547227,0.000517924931846,-0.0269422085882,0.999411959782,0.0037164059076,0.0208815796548,0.506999909878,-0.803999876976,-8.46000003815,0.226999998093,0.411000013351,0.0799999982119
81.591848,0.763535438235,-0.289456543923,0.000295560760254,-0.0275584741607,0.999413633777,0.00369777546695,0.0199811306028,0.397000014782,-0.104000067711,-8.95999997854,0.238999992609,0.46099999547,0.0759999975562
81.591892,0.763506611285,-0.290197711536,0.000293053836801,-0.0277923083747,0.99941077014,0.00340368406548,0.0198523313157,-0.0730000138283,-0.0439998865128,-9.22000002861,0.231999993324,0.486999988556,0.0839999988675
81.59192,0.763646848486,-0.289371063453,0.000492914856774,-0.0280938730945,0.999396182822,0.00366105957541,0.0201146886222,0.137000024319,-0.424000000954,-9.28000000119,0.239999994636,0.486999988556,0.0850000008941
81.591986,0.763819665532,-0.291130964002,0.000534802694377,-0.0277222221883,0.999405914474,0.00288066212484,0.0202730929369,0.367000043392,-1.17400000095,-9.28999999166,0.246000006795,0.479000002146,0.0930000022054
81.631896,0.764566802508,-0.290305710248,0.000836356863546,-0.0278345300473,0.999381454257,0.00335909106459,0.0212288561012,0.496999919415,-1.62400004864,-9.28999999166,0.236000001431,0.479000002146,0.105999998748
81.631943,0.764209696419,-0.290066230586,0.000859392730919,-0.0282138485654,0.999381892006,0.00271099985141,0.0207957485711,0.716999948025,-1.86399993896,-9.12999999523,0.237000003457,0.485000014305,0.101999998093
81.631963,0.763996197585,-0.29018824124,0.000315989934345,-0.0279987110621,0.999389947115,0.00299037882795,0.0206606732321,0.337000072002,-1.47399995327,-8.95999997854,0.25,0.485000014305,0.101999998093
81.631988,0.763878003457,-0.289485716792,0.000118924040225,-0.0284048466287,0.99938071536,0.00333941069562,0.0204987509747,0.206999957561,-0.683999991417,-8.81000000238,0.25799998641,0.481999993324,0.101999998093
81.671936,0.763776695466,-0.289622172418,0.000154980639083,-0.0288712662107,0.999370104632,0.00286694900932,0.0204358645359,0.166999995708,-0.124000048637,-8.93999999762,0.270000010729,0.479000002146,0.0909999981523
81.671975,0.764489147859,-0.290428741708,0.000832648950659,-0.0283804125575,0.999370315244,0.00244458101766,0.0211553590144,0.0269998908043,0.386000180244,-9.06999999285,0.256000012159,0.486000001431,0.0879999995232
81.672017,0.763653889645,-0.289716829231,6.88840212176e-07,-0.0286810233189,0.999376411632,0.0029182901562,0.0203879954253,0.117000043392,0.105999970436,-9.06000000238,0.252000004053,0.504000008106,0.0989999994636
81.672058,0.764116328702,-0.28996440811,0.000474110167461,-0.0285094513817,0.9993741673,0.00267119109419,0.0207689589053,0.286999881268,0.175999903679,-9.07999998331,0.229000002146,0.509999990463,0.119999997318
81.711921,0.763855775914,-0.290143381012,0.000307754807785,-0.0282327717099,0.999390827275,0.00270061795033,0.0203369521407,0.0369998812675,0.515999817848,-8.99000000954,0.219999998808,0.497000008821,0.120999999344
81.711954,0.763714116051,-0.290220381221,0.000307297216749,-0.0286156257309,0.999380043062,0.00252344428056,0.0203545504011,-0.442999899387,0.796000027657,-8.97000002861,0.21099999547,0.488999992609,0.11400000006
81.712021,0.763901600349,-0.29024047891,0.000543706856038,-0.029016975872,0.999364962924,0.00215456072133,0.0205680300188,-0.283000051975,0.625999951363,-8.91000002623,0.187999993563,0.474000006914,0.112000003457
81.712205,0.763948448681,-0.290040188968,0.000659400743502,-0.0283826723207,0.999383201548,0.00245482923529,0.0205332459231,-0.0130000710487,-0.243999934196,-8.73000001907,0.185000002384,0.465999990702,0.112000003457
81.712312,0.764453926923,-0.289768788523,0.0006717875104,-0.0290782060911,0.999355356006,0.00218558365542,0.0209416708046,-0.243000090122,-0.834000086784,-8.45000004768,0.178000003099,0.453999996185,0.119999997318
81.7219,0.764109521606,-0.289980903604,0.000198397080283,-0.0286755292863,0.999374246534,0.0025985661469,0.020544508746,-0.0830000042915,-1.01399991512,-8.22000002861,0.193000003695,0.474000006914,0.116999998689
81.732172,0.763882478363,-0.289196868033,0.000583350023451,-0.0287290902314,0.999371746729,0.00294026995887,0.0205452190653,-0.213000118732,-0.91400001049,-8.07000005245,0.209999993443,0.490999996662,0.116999998689
81.742898,0.76406158923,-0.289878891572,0.000819573630025,-0.0284680562836,0.999375903703,0.00241188955535,0.0207739177405,-0.513000071049,-0.993999934196,-7.99000000954,0.21400000155,0.497000008821,0.123999997973
81.752189,0.763950651552,-0.289986093178,0.000428780332629,-0.028189412758,0.999388368753,0.00252811191201,0.0205390861561,-0.962999999523,-0.864000058174,-7.89999997616,0.207000002265,0.508000016212,0.120999999344
81.791875,0.764260616752,-0.290524524603,0.000979172571992,-0.0275334358198,0.999400446635,0.00242008170068,0.0208518676169,-0.692999899387,-0.22399995327,-7.87999999523,0.187999993563,0.500999987125,0.118000000715
81.791914,0.763767770814,-0.289692858755,0.000109874263878,-0.0282724916641,0.999392313883,0.00274055985898,0.0202029329296,-0.0330000519753,0.58599998951,-7.94000005722,0.172000005841,0.47499999404,0.115999996662
81.791929,0.763946159965,-0.290094264203,0.000890029106551,-0.0283842756964,0.999383453866,0.00238548430058,0.0205269212502,-0.463000118732,0.24600007534,-8.04999995232,0.170000001788,0.465000003576,0.119999997318
81.831888,0.763433460069,-0.289933794286,6.45754832587e-05,-0.0284228500173,0.999393035503,0.00256906344335,0.0199775398496,-0.972999989986,-0.894000029564,-8.16999995708,0.172000005841,0.449000000954,0.127000004053
81.831927,0.763985731617,-0.289181794415,0.000428559146895,-0.0285726906965,0.99937749151,0.00254285689031,0.0205369104051,-0.503000080585,-1.22399995327,-8.25,0.180999994278,0.439999997616,0.138999998569
81.831951,0.763102115831,-0.289977634438,-2.52532147246e-05,-0.0285491193857,0.999399211105,0.00226676871484,0.0195198971295,-0.483000099659,-0.894000029564,-8.29999995232,0.194999992847,0.430000007153,0.136000007391
81.831967,0.763102115831,-0.289977634438,-2.52532147246e-05,-0.0285491193857,0.999399211105,0.00226676871484,0.0195198971295,-0.882999956608,-0.47399995327,-8.30999994278,0.211999997497,0.421000003815,0.115999996662
81.871962,0.764462634716,-0.289979086072,0.000480269701736,-0.0282470756541,0.999377797996,0.00239684539168,0.0209851071379,-1.29300004244,-0.533999896049,-8.23000001907,0.22499999404,0.428000003099,0.105999998748
81.871998,0.763996043711,-0.289491629443,0.000620002880369,-0.0288454366491,0.999371141561,0.00201943272491,0.0205227700681,-1.74299997091,-0.334000086784,-8.12999999523,0.229000002146,0.432000011206,0.101999998093
81.872018,0.763512978399,-0.289583500967,0.00010171865996,-0.0288017805325,0.999384563351,0.00212422318846,0.019910792315,-1.8030000329,-1.06400010586,-8.27999997139,0.232999995351,0.441000014544,0.104000002146
81.872031,0.763745728227,-0.290048423189,0.000729214450641,-0.0288898440477,0.999373912436,0.00194559042912,0.0203316190227,-1.17300003767,-1.44399998188,-8.39999997616,0.217999994755,0.451000005007,0.115000002086
81.872101,0.763146439692,-0.289907635705,-0.000256160807215,-0.0283727374369,0.999404072316,0.00203018797217,0.019554189963,-0.622999966145,-0.904000020027,-8.30999994278,0.21099999547,0.451999992132,0.115000002086
81.911865,0.763916509627,-0.289775014745,0.000498790630832,-0.0288012625733,0.999376228515,0.00203530668921,0.0203346669555,-0.753000080585,-0.344000077248,-8.15999996662,0.194999992847,0.469000011683,0.111000001431
81.911906,0.7635377659,-0.288971912747,6.38389957225e-05,-0.0285438083245,0.999389830139,0.00212881820622,0.0200171565126,-0.0330000519753,0.316000008583,-8.12000000477,0.202000007033,0.47499999404,0.101999998093
81.911924,0.764328290409,-0.289993316497,0.000478377171255,-0.0279057101536,0.999390768277,0.00196727129865,0.0208684802478,0.0770000815392,0.216000103951,-8.32000005245,0.21099999547,0.467999994755,0.104000002146
81.912166,0.76364651023,-0.289363869845,7.00734268746e-05,-0.0280561603306,0.999399703974,0.0022999774292,0.0201939017658,-0.202999889851,-0.203999972343,-8.47000002861,0.231999993324,0.476000010967,0.101000003517
81.921973,0.764384227649,-0.290246276312,0.000599907468752,-0.0273749739756,0.99940152623,0.00194843101858,0.0210571552207,-0.323000013828,0.27600004673,-9.02999997139,0.243000000715,0.458999991417,0.104000002146
81.932671,0.763925093338,-0.28961536668,0.000652798569638,-0.0283283605232,0.999388822777,0.00167728312601,0.0204125358569,-0.0430000424385,1.06600000858,-8.94999998808,0.237000003457,0.448000013828,0.101999998093
81.942285,0.763615155206,-0.290213918247,0.0002229987806,-0.0278169596796,0.99940872001,0.00163971586569,0.0201429505034,-0.612999975681,1.5559997797,-8.37000000477,0.233999997377,0.437999993563,0.082999996841
81.979873,0.763688057315,-0.289925669182,0.000261836672266,-0.0285372561243,0.999387336655,0.0014559612346,0.0202103073443,-0.763000071049,1.07600023746,-8.25,0.219999998808,0.416999995708,0.0860000029206
81.979908,0.763314428384,-0.290576912088,0.000216951154015,-0.0282000525291,0.999401756165,0.00143765641403,0.019970477124,-0.122999966145,0.596000218391,-7.95000004768,0.223000004888,0.407000005245,0.10000000149
81.979931,0.763994856184,-0.289826488358,0.000306930655991,-0.0280910330626,0.99939516287,0.001784408806,0.0204210229833,0.147000014782,0.995999836922,-7.89999997616,0.216999992728,0.397000014782,0.097999997437
82.019928,0.763659038104,-0.289619670144,3.10083786192e-05,-0.0283275848489,0.999393141729,0.00184594758744,0.0201863488271,-0.553000032902,1.7560000658,-8.00999999046,0.21099999547,0.405999988317,0.0799999982119
82.019967,0.764090908315,-0.289614817509,0.000504796470354,-0.0281387147392,0.99939117732,0.00191599316044,0.0205381692747,-1.03300005198,1.45599987507,-7.87000000477,0.212999999523,0.418999999762,0.0740000009537
82.019984,0.763111514176,-0.289840217907,-0.00037165088759,-0.0284324650106,0.999402257638,0.0017490074887,0.019587325854,-1.57300001383,1.38600018024,-7.78999996185,0.197999998927,0.437000006437,0.0869999974966
82.02016,0.763496313792,-0.289511879174,2.50244462759e-05,-0.0280318582899,0.999405346027,0.001992034406,0.0199800163493,-2.39300000668,0.466000103951,-7.83000004292,0.203999996185,0.449999988079,0.101000003517
82.059897,0.76363165912,-0.290285566176,0.000299681234009,-0.0280119465335,0.999404447782,0.00178330514093,0.0200723797132,-2.28299999237,0.415999913216,-7.84000003338,0.187999993563,0.455000013113,0.105999998748
82.059948,0.763922104365,-0.290114870189,0.000268114169137,-0.0279457786909,0.999400264508,0.00195642364096,0.0203547822733,-1.75299996138,1.07600023746,-7.83000004292,0.179000005126,0.449999988079,0.103000000119
82.059963,0.763883246982,-0.290155474823,0.000614086352818,-0.0281996350133,0.999393442427,0.00153273563623,0.0203759303985,-1.9129999876,1.59600021839,-7.99000000954,0.167999997735,0.455000013113,0.0900000035763
82.059976,0.763881731034,-0.289707297303,0.000383213923042,-0.0286691355678,0.999379887487,0.00175827295353,0.0203673667472,-1.39299994707,1.8059997797,-8.10000002384,0.165000006557,0.449999988079,0.082999996841
82.062225,0.763402882764,-0.290117154684,0.000134680439807,-0.0281806935013,0.999405130046,0.00192742835949,0.0197868534763,-0.652999937534,1.16599991322,-8.09000003338,0.171000003815,0.444000005722,0.0860000029206
82.072177,0.764233213041,-0.290653114134,0.000511259955431,-0.0275803303753,0.999402704995,0.00160643500079,0.0207600094523,-1.75299996138,-0.22399995327,-8.23000001907,0.172999992967,0.442999988794,0.0879999995232
82.082287,0.763815820623,-0.289668444077,3.11846868798e-05,-0.0282402937245,0.999395637909,0.00185867336179,0.0201839062718,-1.97299998999,-0.22399995327,-8.53999996185,0.187000006437,0.423999994993,0.0810000002384
82.092189,0.763887894451,-0.290214468637,0.000927177843926,-0.0279082224135,0.999399118781,0.00162372336586,0.0204913646258,-1.36299997568,0.375999951363,-8.44000005722,0.193000003695,0.425000011921,0.0900000035763
82.131945,0.763748873319,-0.289994083291,0.000191311668599,-0.0282214510307,0.999391319908,0.00179257571337,0.020428560092,-1.47299998999,0.676000142097,-8.54999995232,0.189999997616,0.425000011921,0.101000003517
82.131975,0.763848031171,-0.289585425888,0.000344317872228,-0.0280530669836,0.999398396118,0.00179669645729,0.0203136198301,-1.74299997091,0.406000161171,-8.86000001431,0.178000003099,0.414999991655,0.10000000149
82.132016,0.763754772096,-0.289667121317,0.000185389127366,-0.0280299968937,0.999400657269,0.00195505035709,0.0202193793847,-2.03299999237,0.535999798775,-8.87000000477,0.179000005126,0.416000008583,0.0949999988079
82.171903,0.76388881272,-0.290495209277,0.000383519699205,-0.0279192337557,0.999401014437,0.00144229835176,0.0203972670781,-2.23299998045,0.33599998951,-8.72000002861,0.17499999702,0.41400000453,0.105999998748
82.171938,0.763481718186,-0.289909805935,-1.37619375509e-05,-0.0276241079015,0.999417690298,0.00170233965682,0.0199572298364,-2.06300002337,0.206000113487,-8.92000001669,0.182999998331,0.409000009298,0.0949999988079
82.171965,0.763968182156,-0.289709600827,0.000350466009807,-0.0279487995573,0.999397390926,0.001967418233,0.0204902142136,-2.0530000329,0.216000103951,-8.74000000954,0.189999997616,0.41400000453,0.0920000001788
82.171988,0.763380081865,-0.289803352304,-0.000173800743113,-0.0281136429246,0.999408751759,0.00174052777645,0.0197165045445,-2.02300000191,0.175999903679,-8.75999999046,0.187999993563,0.418000012636,0.0989999994636
82.211866,0.76376366194,-0.289529031323,0.000146421701453,-0.028772048735,0.999380559941,0.00165698886608,0.0201970297619,-2.51300001144,-0.324000096321,-8.80000001192,0.194999992847,0.426999986172,0.0989999994636
82.211921,0.763944457562,-0.290156756644,0.000460060111596,-0.0284099327106,0.999388352962,0.00143641398676,0.0203404130256,-3.04299999774,-0.0339998960495,-8.05999994278,0.179000005126,0.439999997616,0.11400000006
82.211939,0.764264863628,-0.290046132862,0.000863195074158,-0.0275052047298,0.999401207603,0.00199831168056,0.0208972893997,-2.58300000429,0.435999894142,-7.74000000954,0.175999999046,0.43599998951,0.112999998033
82.211952,0.763892818847,-0.290630037128,0.000427270118151,-0.0277936104861,0.9994026751,0.00130885426679,0.0204962220712,-2.04299998283,0.0160000562668,-7.6400001049,0.184000000358,0.423999994993,0.105999998748
82.212374,0.763881731034,-0.289707297303,0.000383213923042,-0.0284775063485,0.999385366353,0.00176217831485,0.0203670292281,-1.15300005674,0.725999855995,-7.79999995232,0.185000002384,0.423000007868,0.109999999404
82.222179,0.763515433077,-0.290031575308,2.5125900976e-05,-0.0282402370928,0.999399459923,0.00166423500946,0.0200109679078,-0.783000051975,0.736000084877,-8.55999994278,0.202000007033,0.407999992371,0.118000000715
82.232506,0.763533826731,-0.290049120493,-0.000128991033623,-0.0276672695727,0.999416396331,0.00189248127649,0.0199451110292,-0.962999999523,0.52600004673,-8.77999997139,0.206000000238,0.411000013351,0.115999996662
82.242345,0.76379898536,-0.290187857036,0.000306811892159,-0.0278826058282,0.999400979714,0.00192082375584,0.0204096171994,-1.54300004244,0.975999855995,-8.34000003338,0.192000001669,0.425999999046,0.104000002146
82.279891,0.76368532266,-0.289477576448,0.000338281685298,-0.0283323068308,0.999394418093,0.00193127149237,0.0201083978556,-2.3030000329,0.216000103951,-8.32000005245,0.190999999642,0.432000011206,0.105999998748
82.27992,0.763691182265,-0.289536770387,0.000344050266754,-0.0281402259198,0.999395919272,0.00178394897639,0.0203160467271,-2.06300002337,-0.354000067711,-8.27999997139,0.194999992847,0.430000007153,0.112999998033
82.279972,0.763941545593,-0.290375661323,0.000311804611529,-0.0281159411883,0.999393696558,0.00165858967891,0.0204690549954,-1.17300003767,0.466000103951,-8.24000000954,0.189999997616,0.423999994993,0.097999997437
82.31988,0.764078592151,-0.289677819168,0.000471817649319,-0.0283929898798,0.999380974308,0.00162744316304,0.0207088808622,-0.872999966145,0.346000218391,-8.83999997377,0.199000000954,0.412999987602,0.0869999974966
82.319906,0.76372266209,-0.28999338769,0.000377245754948,-0.0279026860301,0.99940548124,0.00174844963947,0.0201759040455,-0.652999937534,0.605999970436,-8.92000001669,0.189999997616,0.402999997139,0.101999998093
82.319913,0.76377782951,-0.290321777377,0.000229112775342,-0.0281127345875,0.999396495753,0.00149353646816,0.0203491468848,-0.602999985218,0.58599998951,-8.87999999523,0.187000006437,0.404000014067,0.116999998689
82.31995,0.764364581022,-0.289896149095,0.000665484812284,-0.0282408111971,0.999383396778,0.00171851448525,0.0207925355749,-1.39299994707,-0.344000077248,-8.77999997139,0.184000000358,0.402000010014,0.123999997973
82.359895,0.76402690383,-0.289743406582,0.000620031401731,-0.0280954997139,0.999392487955,0.00171852946843,0.0205510235901,-1.87300002575,-0.154000020027,-8.64999997616,0.178000003099,0.41400000453,0.112000003457
82.359935,0.763942655462,-0.290823746931,0.000542737633333,-0.0272631781857,0.99941749812,0.00144108294366,0.0204769833226,-2.39300000668,-0.594000077248,-8.54999995232,0.17499999702,0.418999999762,0.115999996662
82.359962,0.764409251991,-0.29015792267,0.000830587552181,-0.0280554374799,0.999382893778,0.00171444682273,0.0210661986091,-2.57300001383,-0.604000067711,-8.62000000477,0.17499999702,0.421000003815,0.108999997377
82.359991,0.763431261571,-0.290609241389,-0.000513783623881,-0.0278761545729,0.999411181644,0.00168172053549,0.0199344382353,-2.01300001144,0.24600007534,-8.75,0.173999994993,0.42199999094,0.104999996722
82.362443,0.763754719772,-0.289910316391,0.000690315491424,-0.0279069930189,0.999402839426,0.00168267054472,0.020305982091,-2.95300000161,1.15600016117,-8.39999997616,0.165999993682,0.430999994278,0.104000002146
82.372727,0.762990427643,-0.289192675943,-0.000338731872693,-0.0286486698204,0.999398848184,0.00203176425505,0.0194182362723,-3.1930000186,1.12599995136,-8.22000002861,0.158999994397,0.430999994278,0.112999998033
82.415934,0.76336945348,-0.289124274936,-1.99018694006e-05,-0.0289656281358,0.999383539293,0.00167947886044,0.0197664647213,-2.51300001144,0.486000084877,-7.85000002384,0.16400000453,0.425000011921,0.115000002086
82.415961,0.764117977063,-0.289191724508,0.000741212448087,-0.0285230056888,0.999376517969,0.00170269819728,0.0207391971322,-2.4130000174,0.446000123024,-7.74000000954,0.155000001192,0.418000012636,0.109999999404
82.416024,0.763869174897,-0.289451523916,0.000422207754646,-0.0280146583815,0.999397388418,0.00222017468841,0.0203742426356,-1.97299998999,0.0360000371933,-7.54999995232,0.16400000453,0.407999992371,0.122000001371
82.416039,0.763792569711,-0.289923846365,0.000267808463458,-0.0281372080898,0.999394864473,0.00179087463958,0.0203714298209,-1.24299997091,0.605999970436,-7.58999991417,0.166999995708,0.409999996424,0.101000003517
82.455916,0.763801289777,-0.289186215815,0.000537300602899,-0.0280590208813,0.999396275529,0.00218648105466,0.0203714286964,-1.32300001383,0.745999836922,-7.58999991417,0.167999997735,0.405999988317,0.104999996722
82.455955,0.764521758457,-0.290520216546,0.00125967352066,-0.0275460061282,0.999394488388,0.00146465218367,0.0212068130766,-1.76299995184,0.185999894142,-7.46000003815,0.150999993086,0.389999985695,0.104000002146
82.455971,0.763516773651,-0.289696909693,0.000338083673998,-0.027844497122,0.999408101976,0.00192265763724,0.0201105214346,-1.98299998045,0.24600007534,-7.32999992371,0.142000004649,0.395999997854,0.104999996722
82.455992,0.763825672709,-0.290569626422,0.000575340040002,-0.0277751941941,0.999406356054,0.00155243230167,0.0203239764964,-2.04299998283,0.196000123024,-7.13000011444,0.131999999285,0.395999997854,0.105999998748
82.495981,0.763802291692,-0.289710027776,0.000498421943393,-0.0283301799672,0.999389663777,0.00172496399936,0.0203648063343,-1.84299999475,-0.0439998865128,-7.03999996185,0.118000000715,0.409000009298,0.111000001431
82.49602,0.763388445608,-0.29023464073,0.000332253997404,-0.0284361534718,0.999395255215,0.00156919899491,0.019951106358,-0.743000090122,0.955999875069,-6.86999988556,0.116999998689,0.407000005245,0.097000002861
82.496041,0.763788016206,-0.290720715763,0.000311709036038,-0.0277323874519,0.999404328198,0.00148995412801,0.020486178328,-0.763000071049,1.24599983692,-6.65000009537,0.104999996722,0.412000000477,0.0949999988079
82.496072,0.764206830882,-0.288974939815,0.000856684537968,-0.028863286589,0.99936688733,0.00167401445805,0.0207348226773,-1.81300002337,0.0160000562668,-6.49000000954,0.112999998033,0.419999986887,0.112999998033
82.535873,0.763476869215,-0.290182730092,6.87429696463e-05,-0.0275227386627,0.99941776377,0.00185141827804,0.0200799543737,-2.17299997807,-0.013999915123,-6.28999996185,0.119000002742,0.411000013351,0.105999998748
82.535915,0.763992953456,-0.290288377352,0.00035657234551,-0.0281569396632,0.99938745272,0.00148835795576,0.0207289866119,-2.46299999952,-0.364000058174,-6.55999994278,0.123999997973,0.411000013351,0.109999999404
82.535927,0.764329482185,-0.290441496219,0.0007092248119,-0.0274363419124,0.99940400473,0.0017419953108,0.0208769711632,-2.39300000668,-0.453999972343,-7.0,0.136000007391,0.398000001907,0.097999997437
82.535951,0.763528734418,-0.290300388066,0.000146457958951,-0.0278843882433,0.999405714667,0.00195058635247,0.0201711079708,-2.77300000563,-0.963999962807,-7.1400001049,0.136999994516,0.393000006676,0.0900000035763
82.575887,0.763951045412,-0.290140104387,0.000735370437898,-0.0282438942263,0.999388357161,0.00150956233025,0.0205649029048,-3.01300001144,-0.683999991417,-7.46000003815,0.136999994516,0.389999985695,0.101000003517
82.575922,0.763728562599,-0.290052418325,0.000383074786495,-0.028477336925,0.999385302767,0.00158561197,0.0203848897216,-2.18300002813,0.30600001812,-7.84000003338,0.144999995828,0.397000014782,0.0890000015497
82.575948,0.76345760798,-0.289641404552,0.000261528872326,-0.0278244703456,0.999407490387,0.00208446849557,0.020152468813,-2.04299998283,0.415999913216,-7.86000001431,0.143999993801,0.397000014782,0.0839999988675
82.575963,0.763756086532,-0.289931962336,0.000190176184993,-0.0276882359046,0.9994093796,0.00153545280059,0.0202952197527,-1.82300001383,0.645999932289,-7.67000007629,0.152999997139,0.402999997139,0.0869999974966
82.582265,0.763905504214,-0.290286256226,0.000696545710615,-0.0282026654877,0.999390561415,0.00152889098381,0.0205128717359,-1.63299995661,0.495999836922,-7.51999998093,0.15000000596,0.41400000453,0.0920000001788
82.59204,0.763523739413,-0.290484556855,0.000338297497248,-0.0278611966902,0.999407590213,0.00159124916748,0.0201417543934,-1.14299994707,1.225999856,-7.30999994278,0.143000006676,0.416999995708,0.10000000149
82.602394,0.763546727334,-0.289424895716,0.000376895421438,-0.0281648995272,0.999398102071,0.00205584283462,0.0201480897666,-1.24299997091,1.5060000658,-7.06999993324,0.134000003338,0.428000003099,0.108000002801
82.612173,0.763586625806,-0.289538677477,0.000338099661796,-0.02873191967,0.999382885136,0.00144510953449,0.0201553305136,-1.65300005674,1.06600000858,-7.02999997139,0.120999999344,0.416000008583,0.116999998689
82.651884,0.763716892007,-0.290342121363,0.000190245988253,-0.0275840119907,0.999412305585,0.00168078679758,0.0202815355422,-1.65300005674,0.826000237465,-6.67000007629,0.108999997377,0.42199999094,0.118000000715
82.651909,0.764255672197,-0.289911571865,0.000785477684686,-0.0279268035121,0.999391537621,0.00157482742364,0.0208367006887,-1.9129999876,0.395999932289,-6.68000006676,0.103000000119,0.418999999762,0.120999999344
82.651932,0.763887894451,-0.290214468637,0.000927177843926,-0.0280998542802,0.999393749074,0.00161979416608,0.0204916755942,-2.42300000787,0.926000142097,-6.80999994278,0.116999998689,0.405999988317,0.105999998748
82.691873,0.763911344796,-0.290345279384,0.000702441984939,-0.028202408164,0.999386497486,0.00137778635552,0.0207208716381,-2.80300000496,0.576000237465,-6.68000006676,0.118000000715,0.398000001907,0.0860000029206
82.691915,0.763977353507,-0.289474077162,0.000774023503348,-0.0284601798535,0.999381272112,0.00181050038199,0.0205867239292,-2.59300000966,0.346000218391,-6.66000008583,0.123000003397,0.386000007391,0.0909999981523
82.691933,0.763707341775,-0.289586893021,0.000613559423119,-0.0282703334853,0.99939149137,0.00184409914947,0.0203478382175,-1.49299997091,1.41599991322,-6.78999996185,0.128999993205,0.389999985695,0.0930000022054
82.691966,0.764740865497,-0.289599949591,0.00145294616909,-0.0288390917131,0.999355881627,0.00123651863276,0.0213213430035,-1.23299998045,1.38600018024,-6.66000008583,0.123000003397,0.393000006676,0.0900000035763
82.731905,0.763298552202,-0.289927250924,0.000255615142409,-0.0280162418719,0.999405998417,0.00205536627705,0.0199628652668,-2.01300001144,0.27600004673,-6.63000011444,0.129999995232,0.40000000596,0.104000002146
82.731942,0.763738374029,-0.290731948394,0.000229173942873,-0.027433618134,0.999415417225,0.00165054302036,0.0203346039199,-2.14300000668,0.0859999895096,-6.99000000954,0.130999997258,0.397000014782,0.103000000119
82.731957,0.763759713114,-0.289726275222,0.000498480761513,-0.0281219039429,0.999395553227,0.00203804534164,0.0203355127747,-2.12300002575,0.185999894142,-7.29999995232,0.137999996543,0.400999993086,0.101000003517
82.731979,0.763720143659,-0.290735995916,0.000190395756783,-0.0274965817096,0.999414664697,0.00151700184783,0.0202969132709,-2.4130000174,0.426000142097,-7.66000008583,0.145999997854,0.400999993086,0.109999999404
82.771912,0.763788341547,-0.29003225608,0.000729190485566,-0.0281398503252,0.999395282768,0.00165191463741,0.0203589975737,-2.06300002337,1.03599979877,-7.67000007629,0.145999997854,0.405000001192,0.119000002742
82.771956,0.76416786919,-0.287935071187,0.000549162536385,-0.0291210553883,0.999358000154,0.00208048023691,0.0207659158993,-1.89300000668,1.0060000658,-7.80999994278,0.144999995828,0.407000005245,0.115000002086
82.771987,0.764073160194,-0.290210125259,0.000510819599625,-0.0281383868351,0.999387163758,0.00174965741289,0.020747693865,-2.58300000429,0.115999960899,-7.56999993324,0.15000000596,0.409000009298,0.112000003457
82.772016,0.763611618116,-0.289820062213,0.000222881642459,-0.0275211584137,0.999416938896,0.00181120891275,0.0201267883819,-3.34299999475,0.346000218391,-7.28999996185,0.146999999881,0.416000008583,0.105999998748
82.811908,0.763559551622,-0.29057386127,-4.64180193922e-05,-0.027391132781,0.999421251211,0.00172870506779,0.0200972647964,-3.08300000429,1.0559997797,-7.20000004768,0.140000000596,0.416000008583,0.112999998033
82.811952,0.764181542844,-0.289041523337,0.0008190390145,-0.0288845702925,0.999364067312,0.00180895024557,0.0208295526671,-2.40299999714,0.566000008583,-7.11999988556,0.134000003338,0.421000003815,0.123999997973
82.811975,0.763913755197,-0.289624211919,0.00069632020726,-0.0282901963262,0.999388140933,0.00170030530966,0.0204967684421,-1.9430000186,0.736000084877,-6.99000000954,0.12800000608,0.416999995708,0.119000002742
82.812075,0.763529403462,-0.289952785314,0.00029940774867,-0.0281157276047,0.999401428439,0.00146863770947,0.0201030793112,-1.85299998522,0.796000027657,-6.80999994278,0.134000003338,0.414999991655,0.108000002801
82.851886,0.7638315412,-0.290628688271,0.000581206278864,-0.0277749119934,0.999402335623,0.00140126173003,0.0205319819169,-1.9430000186,0.826000237465,-6.75999999046,0.135000005364,0.416000008583,0.0939999967813
82.851916,0.763904125731,-0.28983815928,0.00046569111447,-0.0280972308722,0.999393335214,0.00176610465316,0.020503366079,-2.1629999876,1.01599981785,-6.72000002861,0.134000003338,0.414999991655,0.0989999994636
82.851965,0.763664794402,-0.290202679875,0.000305493487261,-0.0279240611265,0.999402916036,0.00148309274826,0.0202943013024,-1.43300002813,1.78599979877,-6.79999995232,0.133000001311,0.412000000477,0.082999996841
82.85199,0.763436043441,-0.29003431448,0.000140371245227,-0.0282845417993,0.999398312479,0.00162311660145,0.0200090780035,-1.06300002337,1.8059997797,-6.66000008583,0.141000002623,0.402000010014,0.0719999969006
82.891872,0.76377444553,-0.289647253961,0.000465379114246,-0.0284802472753,0.999382427945,0.00159674642268,0.0205204442286,-2.09299999475,0.515999817848,-6.48000001907,0.146999999881,0.400999993086,0.0960000008345
82.891904,0.763764980483,-0.291113662248,0.000498080408697,-0.0273260975731,0.999420639379,0.00128221506788,0.0202490962636,-1.59299999475,-0.483999943733,-7.1400001049,0.165000006557,0.381999999285,0.109999999404
82.891973,0.763270518139,-0.290056542309,9.56540818197e-05,-0.0277725922162,0.999417454766,0.00148295476752,0.0197796632046,-0.962999999523,-0.124000048637,-7.45000004768,0.167999997735,0.379999995232,0.108000002801
82.892011,0.763533816387,-0.290883361045,0.000420826860612,-0.0272891075622,0.999420608541,0.00159162276617,0.0202785248123,-0.833000004292,-0.233999943733,-7.46000003815,0.158999994397,0.388999998569,0.11400000006
82.931854,0.763793672332,-0.289500181148,0.000690246917299,-0.0285859815313,0.999383603665,0.00152558906031,0.0203206044293,-0.692999899387,-0.124000048637,-7.48000001907,0.159999996424,0.395999997854,0.107000000775
82.931881,0.763669647343,-0.290018574784,0.000113534550246,-0.0277555953442,0.999406419212,0.00184623903193,0.0203230796563,-0.612999975681,-0.0940000772476,-7.1400001049,0.145999997854,0.412999987602,0.104000002146
82.931936,0.763922370044,-0.289834162271,0.000504564349178,-0.0280343027535,0.99939408407,0.00189959150542,0.0205410356696,-0.553000032902,0.0460000276566,-6.92000007629,0.144999995828,0.423000007868,0.116999998689
82.931966,0.763970292038,-0.290081947724,0.00085084211745,-0.0275054391534,0.999409181208,0.00196252404077,0.0205155510393,-0.793000042439,0.0660000085831,-6.99000000954,0.149000003934,0.426999986172,0.122000001371
82.971888,0.764015097886,-0.290011526524,0.000620104939042,-0.0279038615694,0.999397854852,0.00171492467321,0.0205514296601,-1.0530000329,-0.0439998865128,-7.1099998951,0.153999999166,0.430999994278,0.112999998033
82.971929,0.763934107961,-0.28956607798,0.000504490704519,-0.0282259401565,0.999388692224,0.00190319431429,0.0205405941466,-1.3030000329,0.115999960899,-6.93000006676,0.16099999845,0.425999999046,0.104999996722
82.971944,0.763635368326,-0.29039891314,0.000536178955726,-0.0278211163857,0.999406076742,0.0015665161314,0.0202737584485,-1.60299998522,0.00600006580353,-6.92000007629,0.145999997854,0.411000013351,0.104999996722
82.971992,0.764488425156,-0.288682945212,0.000908076284252,-0.0287835751769,0.999360098715,0.00216007413532,0.0211242272219,-0.842999994755,-0.924000000954,-6.96000003815,0.143000006676,0.409999996424,0.108000002801
83.011933,0.763925485893,-0.288853950785,0.000234772145915,-0.0285665525145,0.999379786408,0.00200649026006,0.0204931352782,-0.102999985218,-0.463999962807,-6.77999997139,0.135000005364,0.402000010014,0.111000001431
83.011975,0.764243801723,-0.290179779639,0.000785551139174,-0.0281184272983,0.999386162407,0.00156317682921,0.020837680145,-0.622999966145,0.486000084877,-6.6400001049,0.128999993205,0.402999997139,0.0989999994636
83.011994,0.763627038742,-0.289945951934,0.000222925434097,-0.028200232456,0.999397980769,0.0016393800105,0.020142873608,-1.75299996138,-0.533999896049,-6.58999991417,0.126000002027,0.398000001907,0.11400000006
83.012028,0.764207865335,-0.289847256711,0.000665148392806,-0.0285198543477,0.999375443573,0.00170175894613,0.0207953049358,-2.37299999595,-0.424000000954,-6.65000009537,0.123999997973,0.391999989748,0.118000000715
83.051871,0.7642786159,-0.28935352801,0.000978215524505,-0.0290116193544,0.999358624025,0.00148298952642,0.0209396101243,-2.34299999475,-0.293999886513,-6.75999999046,0.126000002027,0.395999997854,0.103000000119
83.051908,0.764498372441,-0.289941089587,0.00094608930805,-0.0278208944588,0.999389591826,0.00169792146271,0.0210608319969,-2.04299998283,-0.743999934196,-6.75999999046,0.12800000608,0.388999998569,0.107000000775
83.051936,0.764204110944,-0.289453214684,0.000665031457102,-0.0278408445035,0.999394619361,0.00188162500351,0.020778393978,-1.31300002337,-0.213999962807,-6.79999995232,0.131999999285,0.397000014782,0.108999997377
83.051949,0.76457413354,-0.289447181243,0.00129346750407,-0.0282084197789,0.999375861157,0.00203200537901,0.0211670532864,-1.02300006151,-0.114000058174,-6.90000009537,0.131999999285,0.400999993086,0.107000000775
83.091872,0.764376612061,-0.289436360167,0.000792779066208,-0.028251524449,0.999375121654,0.00217720876542,0.0211300105654,-0.723000109196,0.286000037193,-6.97000002861,0.131999999285,0.405999988317,0.0989999994636
83.091905,0.764108534989,-0.290521066116,0.000824109782883,-0.0278635673003,0.999392210754,0.00152391088998,0.0208927833652,-0.333000004292,0.00600006580353,-6.96000003815,0.137999996543,0.402999997139,0.104000002146
83.091922,0.764255660544,-0.28966844786,0.000280231526777,-0.0282413749648,0.999384036704,0.00184310934874,0.0207502980344,-0.483000099659,-0.283999896049,-6.83999991417,0.133000001311,0.400999993086,0.101999998093
83.091954,0.763812069196,-0.290184645747,0.000311562798596,-0.0283072959983,0.999388213775,0.00149321055706,0.0204857385232,-0.573000013828,-0.404000020027,-6.84999990463,0.143000006676,0.393000006676,0.0939999967813
83.092302,0.76380799668,-0.290049703147,0.000267860447579,-0.0282414018591,0.999391892974,0.00163063883025,0.0203864782571,-0.803000032902,-0.513999915123,-7.04999995232,0.151999995112,0.398000001907,0.0920000001788
83.102227,0.764040680996,-0.289421089718,0.000389238745206,-0.0282858000795,0.99938687304,0.00179160111271,0.0205567914392,-1.18300002813,-0.203999972343,-7.07999992371,0.149000003934,0.405999988317,0.0900000035763
83.139939,0.763859980445,-0.290432399433,0.00065777194654,-0.0275865227917,0.999408794031,0.00156000536591,0.0204600233916,-2.13300001621,-0.953999972343,-7.08999991417,0.150999993086,0.407000005245,0.108000002801
83.139977,0.764607166987,-0.290576656559,0.00115053857083,-0.0278846992218,0.999380774886,0.00134648891236,0.0214172198228,-2.77300000563,-0.924000000954,-7.09999990463,0.150999993086,0.405999988317,0.111000001431
83.139992,0.762984642939,-0.289519539207,-0.000332959072727,-0.0286483868956,0.999395086211,0.00187338285858,0.0196270737082,-2.58300000429,-0.283999896049,-7.23000001907,0.155000001192,0.407000005245,0.0960000008345
83.179909,0.763911004186,-0.290626036734,0.000466001190734,-0.0279223003696,0.99939813127,0.00143840133767,0.0205341510287,-2.51300001144,0.135999941826,-7.26999998093,0.140000000596,0.418000012636,0.101000003517
83.179939,0.763468671043,-0.29015609635,0.000486517674514,-0.0280346078622,0.999405779031,0.00183850401842,0.0199692139081,-2.39300000668,0.125999951363,-7.09999990463,0.135000005364,0.41400000453,0.112000003457
83.179951,0.763473726806,-0.290291001672,0.000222850479678,-0.0282000328051,0.999397900539,0.00146293251265,0.0201607136962,-2.86300000362,0.725999855995,-6.77999997139,0.134000003338,0.405000001192,0.101999998093
83.17996,0.764054272314,-0.289690323602,0.000510731484632,-0.0279299993191,0.999393020697,0.00207774818943,0.0207168598457,-2.4430000186,1.65600016117,-6.65000009537,0.133000001311,0.407999992371,0.0740000009537
83.219898,0.764276682858,-0.289777916969,0.000863121526499,-0.0276968436222,0.999395917268,0.0020019827602,0.0208968291191,-1.9430000186,1.70599987507,-6.91000008583,0.141000002623,0.402000010014,0.0579999983311
83.219937,0.764316984958,-0.289815559411,0.00109383838029,-0.0284812637342,0.999374076992,0.00160758755374,0.02092098265,-2.75300000608,0.616000199318,-7.01999998093,0.144999995828,0.40000000596,0.0680000036955
83.219967,0.764051398538,-0.289820132505,0.000471830090956,-0.0280971500693,0.99938937163,0.00178403834568,0.0206942320203,-2.80300000496,-0.203999972343,-6.90000009537,0.140000000596,0.40000000596,0.0850000008941
83.219987,0.763866761625,-0.289900182299,0.000311714873599,-0.0285157875188,0.999382103388,0.00118785149261,0.0205146362312,-1.86299997568,0.30600001812,-6.96000003815,0.136000007391,0.405000001192,0.097000002861
83.222076,0.763723102092,-0.290606072703,0.000229130411257,-0.0271377772978,0.999423521408,0.00181467592317,0.0203192728819,-2.09299999475,1.14599993229,-6.90000009537,0.134000003338,0.402999997139,0.0900000035763
83.232699,0.764126572196,-0.28992568089,0.000818077035084,-0.0280555717524,0.999390926719,0.00168633829926,0.0206837314987,-2.89300000295,0.546000027657,-6.86999988556,0.138999998569,0.409000009298,0.0860000029206
83.242154,0.763784047203,-0.290585770019,0.000268006866348,-0.0278581248612,0.999402646056,0.00162349226538,0.0203872560466,-2.9130000025,-0.144000029564,-6.99000000954,0.143000006676,0.409000009298,0.0909999981523
83.279881,0.763924444987,-0.289779979662,0.000273898503055,-0.0282245260954,0.999388467829,0.0019650919195,0.0205476254202,-3.21299999952,-0.713999962807,-7.00999999046,0.143000006676,0.405999988317,0.0869999974966
83.279915,0.763636025572,-0.289896846748,7.46858140198e-05,-0.0277142788278,0.999408586323,0.0018728665109,0.0202703898248,-3.06300000846,-1.30399987698,-7.08999991417,0.141000002623,0.405000001192,0.0810000002384
83.279965,0.763762859956,-0.29040081799,0.000262143964665,-0.0277542580132,0.999409503426,0.0019350614136,0.0201643537234,-2.79300000519,-1.46399996281,-7.15000009537,0.148000001907,0.405999988317,0.0780000016093
83.319865,0.76349309483,-0.290232753399,0.00033823049125,-0.0276528497931,0.999413418691,0.00191176059341,0.0201117779112,-2.54300001264,-1.31400010586,-7.58999991417,0.153999999166,0.395999997854,0.0790000036359
83.319914,0.76386993898,-0.289975361415,0.000383287465188,-0.027902605983,0.999401580501,0.00176641945843,0.020366767884,-1.42300003767,-0.293999886513,-7.87000000477,0.16099999845,0.389999985695,0.0869999974966
83.319945,0.763499248468,-0.289034350229,0.000216688323813,-0.0288626965905,0.999382960025,0.00178833528579,0.0199360430718,-1.17300003767,0.966000103951,-7.77999997139,0.157000005245,0.386999994516,0.0949999988079
83.319965,0.7634031547,-0.289836745408,0.000370963788165,-0.0276942653397,0.999415131312,0.0018817898188,0.0199720264214,-1.96299999952,0.495999836922,-7.66000008583,0.156000003219,0.381999999285,0.101999998093
83.359917,0.763768596965,-0.289588165535,0.000459535430956,-0.0284805790538,0.99938641535,0.00174783506328,0.0203124223946,-2.31300002337,-0.0239999055862,-7.6099998951,0.149000003934,0.377000004053,0.108000002801
83.359958,0.764079235625,-0.28960217604,0.000741314601958,-0.0282272279398,0.99938494007,0.00185171077606,0.0207252583002,-2.22299998999,-0.233999943733,-7.66000008583,0.156000003219,0.386000007391,0.115000002086
83.359991,0.764210394594,-0.289533915769,0.000477952263283,-0.0286719594152,0.999369045339,0.00179763145842,0.0208853652879,-2.20300000906,-0.344000077248,-7.80999994278,0.155000001192,0.386999994516,0.112000003457
83.360029,0.763331287822,-0.290124781107,2.49791575072e-05,-0.0278400347097,0.999410682423,0.00181206496848,0.0199984186296,-1.67300003767,-0.053999876976,-7.74000000954,0.15000000596,0.388000011444,0.101000003517
83.399941,0.764211951144,-0.289982059914,0.000708799671576,-0.0282025974754,0.9993826018,0.00157232922226,0.0208939344201,-1.32300001383,0.0560000181198,-7.33999991417,0.152999997139,0.379999995232,0.108000002801
83.399984,0.764876414925,-0.290221248021,0.00111331807282,-0.0277148463583,0.99938345416,0.00183101423529,0.0214766438183,-1.72299998999,-0.47399995327,-7.06999993324,0.158999994397,0.377999991179,0.119999997318
83.400001,0.763871947809,-0.290164338921,0.00065769871463,-0.0277781630191,0.999403487925,0.00156359261196,0.0204596471351,-2.02300000191,-0.654000020027,-7.0,0.15000000596,0.386999994516,0.127000004053
83.400077,0.763709437264,-0.289532706276,0.000382917398503,-0.0284605850766,0.999385834646,0.00190965472396,0.0203544055319,-1.52300006151,-0.114000058174,-7.05999994278,0.150999993086,0.397000014782,0.119000002742
83.439876,0.76351847378,-0.289621103265,0.000300346515825,-0.0283533083221,0.999391630219,0.00189720397604,0.0202202861635,-1.82300001383,0.955999875069,-6.70000004768,0.145999997854,0.402999997139,0.107000000775
83.439919,0.763607577,-0.289404648015,0.000415717976175,-0.0288852389264,0.999376540439,0.00186462387307,0.0202162452021,-1.92299997807,1.87599995136,-6.44000005722,0.140000000596,0.405999988317,0.0900000035763
83.439972,0.764357782554,-0.290541922447,0.000907469701048,-0.0284750401642,0.999371822977,0.00105921122796,0.0210715352949,-1.75299996138,2.10599997044,-6.68000006676,0.145999997854,0.405999988317,0.0810000002384
83.439998,0.764074390816,-0.289262137646,0.00066465543341,-0.0289905084246,0.999361876764,0.00169629503268,0.020796929483,-2.4130000174,1.37599995136,-6.88000011444,0.146999999881,0.402999997139,0.0839999988675
83.479957,0.76388831416,-0.289690679391,0.000658589149779,-0.0283115193899,0.999385351705,0.00183524047839,0.0205914681222,-2.96299999952,1.09600021839,-7.06999993324,0.137999996543,0.409999996424,0.082999996841
83.479984,0.763350875436,-0.289697568934,0.000486086866324,-0.0286092104148,0.999389455118,0.00167236771727,0.0199858265794,-3.02300000191,1.14599993229,-7.1400001049,0.12800000608,0.412000000477,0.0900000035763
83.479993,0.764274231002,-0.289315997014,0.000472059337751,-0.0287931644065,0.999369496879,0.00148714022369,0.0207207819719,-2.77300000563,0.756000065804,-7.04999995232,0.120999999344,0.407999992371,0.097999997437
83.480015,0.764346082374,-0.290734610579,0.00117679120722,-0.0279259081365,0.999386706478,0.00128369388121,0.0210880700892,-2.7330000028,0.115999960899,-7.04999995232,0.123000003397,0.409999996424,0.097999997437
83.519917,0.763905504214,-0.290286256226,0.000696545710615,-0.0282026654877,0.999390561415,0.00152889098381,0.0205128717359,-2.60300000012,-0.44399998188,-6.96000003815,0.123999997973,0.404000014067,0.107000000775
83.519954,0.764126572196,-0.28992568089,0.000818077035084,-0.0284388313002,0.999380094053,0.00167840606377,0.0206843766804,-2.18300002813,-0.463999962807,-6.74000000954,0.125,0.405999988317,0.109999999404
83.519999,0.763211446612,-0.290022522098,-0.000173858211445,-0.0282007438048,0.999406269652,0.00172061939809,0.0197196779474,-2.00300002098,-0.394000029564,-6.61999988556,0.125,0.404000014067,0.108000002801
83.520028,0.763495465625,-0.29070238681,6.89144892207e-05,-0.0277312147837,0.999411937056,0.00152362423088,0.0201106530501,-1.56300002337,-0.174000000954,-6.6099998951,0.123000003397,0.407000005245,0.112999998033
83.559896,0.763388816636,-0.289732469942,-0.000129206325658,-0.0279460749814,0.999408616768,0.00188325404486,0.0199471044646,-1.64299994707,0.426000142097,-6.84999990463,0.130999997258,0.395000010729,0.11400000006
83.559931,0.763805929407,-0.290103949961,0.000498564877437,-0.0282426762202,0.999392094826,0.00156111994802,0.0203802586529,-1.70300000906,0.975999855995,-7.1400001049,0.142000004649,0.384000003338,0.103000000119
83.559948,0.763445841243,-0.289909305938,0.000261602401834,-0.027824463985,0.999407488316,0.00207707582175,0.0201533436123,-1.38299995661,1.03599979877,-7.28999996185,0.144999995828,0.381000012159,0.0930000022054
83.56001,0.763976612559,-0.290664890843,0.000818049625803,-0.0279677403638,0.999393218407,0.0013457474664,0.0207168884132,-1.36299997568,0.676000142097,-7.47000002861,0.150999993086,0.38299998641,0.0909999981523
